21
22
22
17
17
7
13
22
3
26
6
15
20
5
10
1
2
25
16
8
1
20
15
3
22
2
19
4
8
21
15
17
22
1
3
26
25
2
5
12
10
3
15
5
11
22
14
7
25
18
6
10
3
15
24
25
13
13
15
6
4
4
10
20
16
26
26
6
5
12
10
23
21
1
25
1
7
9
1
23
17
2
16
20
22
25
3
22
1
19
11
7
5
12
12
6
26
3
6
23
19
13
26
9
4
22
18
9
15
7
23
14
26
21
3
20
13
2
18
26
6
14
26
12
18
18
24
17
10
6
1
26
18
21
6
14
10
22
7
3
2
16
24
26
15
13
24
17
13
16
15
15
1
23
9
15
2
1
17
14
24
23
25
15
11
1
12
7
3
24
2
3
21
21
17
6
11
9
9
6
20
25
5
1
24
1
4
20
7
1
15
21
26
8
24
26
16
14
5
12
13
4
4
19
19
15
10
3
18
24
21
26
16
10
25
7
16
14
19
12
4
13
19
5
6
19
22
2
12
16
11
13
11
10
23
14
13
12
25
12
2
22
13
5
5
1
13
3
2
24
2
19
22
25
9
22
26
20
2
13
11
15
5
7
2
12
5
6
5
25
7
6
26
26
13
1
17
14
16
23
20
13
5
10
9
4
12
6
22
16
10
25
1
8
13
24
26
23
24
17
4
12
6
17
9
16
7
19
15
5
15
21
23
5
25
9
5
5
1
8
4
24
1
9
22
15
16
8
17
8
21
3
26
24
7
24
19
4
5
18
9
6
10
26
1
5
10
19
8
4
8
5
6
19
5
15
8
9
9
26
10
14
8
23
18
25
12
17
16
18
20
25
2
3
26
17
17
20
4
8
22
4
15
23
12
9
20
19
13
15
22
13
20
5
26
20
4
26
24
13
21
10
3
19
17
10
10
8
19
8
2
15
11
24
2
25
22
13
24
26
16
3
21
20
18
9
25
21
13
17
24
4
1
18
23
17
18
18
19
7
3
10
26
12
15
24
1
18
13
20
17
17
5
18
7
1
19
22
22
9
13
17
17
13
20
5
18
11
25
10
14
17
18
10
14
3
18
26
19
12
23
14
20
6
14
4
14
16
3
7
25
13
3
7
3
12
22
8
4
12
4
13
4
2
7
11
19
1
7
22
6
11
20
12
24
23
2
10
4
17
6
4
18
3
21
11
22
17
22
2
21
20
16
4
3
9
7
13
22
2
10
2
21
16
10
11
4
12
7
6
3
22
8
16
14
17
23
25
20
1
26
9
11
8
20
21
10
2
24
6
12
9
16
26
16
3
15
23
6
10
12
4
2
1
20
3
21
23
18
14
13
23
2
11
25
15
26
4
20
12
25
16
16
17
8
12
5
17
4
13
14
16
1
23
5
4
21
14
7
19
4
16
25
2
12
16
2
22
23
14
22
6
14
20
9
13
3
12
21
7
6
19
4
21
14
1
16
4
22
16
23
6
8
19
10
9
1
22
5
24
4
24
18
14
19
18
3
6
26
19
23
13
23
24
1
4
24
16
14
7
3
10
9
14
2
4
2
19
21
2
22
17
7
17
2
11
8
5
1
1
18
3
19
4
17
16
23
18
6
20
13
5
8
7
7
12
8
3
11
14
21
2
12
20
21
1
8
19
12
18
9
15
6
18
12
23
26
18
13
23
7
3
22
21
14
21
23
8
8
4
20
19
25
6
10
13
11
15
13
5
1
13
17
10
2
15
14
24
5
23
1
7
6
8
2
11
6
1
11
4
17
21
10
11
15
26
14
14
19
7
18
17
9
22
9
22
4
24
1
21
8
15
1
22
4
1
24
4
23
22
4
17
24
18
11
5
23
9
24
26
18
6
12
25
2
12
14
12
22
8
6
21
25
22
10
18
24
4
24
2
21
15
19
9
14
24
25
20
3
12
3
11
12
5
22
13
14
21
7
8
14
2
19
5
26
22
12
4
26
18
26
17
16
21
14
4
22
24
22
20
5
20
21
6
10
8
11
9
22
20
5
13
1
18
16
13
7
13
11
19
25
22
24
9
12
20
13
26
21
13
15
18
25
7
15
19
4
21
12
23
1
11
14
20
26
5
14
23
6
11
7
8
15
23
13
3
15
13
22
6
6
24
18
21
21
16
19
16
26
24
2
17
14
22
20
7
18
15
25
13
20
24
12
2
15
26
8
22
25
16
24
23
22
17
1
3
8
22
19
4
1
22
16
3
12
8
21
26
24
2
5
23
13
16
22
16
26
14
1
22
