500 2
78.375999 -0.415000
78.379997 -0.415000
78.384003 -0.400000
78.388000 -0.385000
78.391998 -0.390000
78.396004 -0.405000
78.400002 -0.395000
78.403999 -0.400000
78.407997 -0.405000
78.412003 -0.410000
78.416000 -0.395000
78.419998 -0.395000
78.424004 -0.385000
78.428001 -0.385000
78.431999 -0.390000
78.435997 -0.390000
78.440002 -0.400000
78.444000 -0.390000
78.447998 -0.395000
78.452003 -0.410000
78.456001 -0.395000
78.459999 -0.385000
78.463997 -0.355000
78.468002 -0.390000
78.472000 -0.395000
78.475998 -0.395000
78.480003 -0.405000
78.484001 -0.405000
78.487999 -0.420000
78.491997 -0.395000
78.496002 -0.395000
78.500000 -0.385000
78.503998 -0.380000
78.508003 -0.385000
78.512001 -0.370000
78.515999 -0.390000
78.519997 -0.385000
78.524002 -0.350000
78.528000 -0.330000
78.531998 -0.320000
78.536003 -0.300000
78.540001 -0.285000
78.543999 -0.270000
78.547997 -0.275000
78.552002 -0.250000
78.556000 -0.265000
78.559998 -0.240000
78.564003 -0.220000
78.568001 -0.210000
78.571999 -0.195000
78.575996 -0.220000
78.580002 -0.230000
78.584000 -0.250000
78.587997 -0.275000
78.592003 -0.295000
78.596001 -0.300000
78.599998 -0.300000
78.603996 -0.310000
78.608002 -0.305000
78.612000 -0.305000
78.615997 -0.320000
78.620003 -0.350000
78.624001 -0.380000
78.627998 -0.395000
78.632004 -0.400000
78.636002 -0.420000
78.639999 -0.435000
78.643997 -0.420000
78.648003 -0.425000
78.652000 -0.445000
78.655998 -0.445000
78.660004 -0.435000
78.664001 -0.450000
78.667999 -0.480000
78.671997 -0.475000
78.676003 -0.440000
78.680000 -0.445000
78.683998 -0.430000
78.688004 -0.435000
78.692001 -0.435000
78.695999 -0.425000
78.699997 -0.450000
78.704002 -0.430000
78.708000 -0.445000
78.711998 -0.415000
78.716003 -0.415000
78.720001 -0.420000
78.723999 -0.415000
78.727997 -0.420000
78.732002 -0.395000
78.736000 -0.375000
78.739998 -0.290000
78.744003 -0.175000
78.748001 0.010000
78.751999 0.245000
78.755997 0.465000
78.760002 0.580000
78.764000 0.645000
78.767998 0.655000
78.772003 0.635000
78.776001 0.595000
78.779999 0.525000
78.783997 0.435000
78.788002 0.370000
78.792000 0.350000
78.795998 0.350000
78.800003 0.355000
78.804001 0.385000
78.807999 0.355000
78.811996 0.325000
78.816002 0.210000
78.820000 0.160000
78.823997 0.155000
78.828003 0.240000
78.832001 0.340000
78.835999 0.340000
78.839996 0.225000
78.844002 0.025000
78.848000 -0.160000
78.851997 -0.270000
78.856003 -0.315000
78.860001 -0.315000
78.863998 -0.320000
78.867996 -0.365000
78.872002 -0.425000
78.875999 -0.475000
78.879997 -0.485000
78.884003 -0.490000
78.888000 -0.490000
78.891998 -0.500000
78.896004 -0.490000
78.900002 -0.460000
78.903999 -0.465000
78.907997 -0.460000
78.912003 -0.450000
78.916000 -0.475000
78.919998 -0.510000
78.924004 -0.495000
78.928001 -0.480000
78.931999 -0.470000
78.935997 -0.465000
78.940002 -0.465000
78.944000 -0.465000
78.947998 -0.485000
78.952003 -0.485000
78.956001 -0.495000
78.959999 -0.505000
78.963997 -0.500000
78.968002 -0.500000
78.972000 -0.505000
78.975998 -0.495000
78.980003 -0.505000
78.984001 -0.515000
78.987999 -0.540000
78.991997 -0.535000
78.996002 -0.535000
79.000000 -0.545000
79.003998 -0.555000
79.008003 -0.545000
79.012001 -0.520000
79.015999 -0.545000
79.019997 -0.570000
79.024002 -0.570000
79.028000 -0.580000
79.031998 -0.580000
79.036003 -0.595000
79.040001 -0.580000
79.043999 -0.575000
79.047997 -0.570000
79.052002 -0.575000
79.056000 -0.590000
79.059998 -0.585000
79.064003 -0.595000
79.068001 -0.605000
79.071999 -0.595000
79.075996 -0.585000
79.080002 -0.565000
79.084000 -0.575000
79.087997 -0.575000
79.092003 -0.580000
79.096001 -0.580000
79.099998 -0.580000
79.103996 -0.565000
79.108002 -0.560000
79.112000 -0.540000
79.115997 -0.520000
79.120003 -0.525000
79.124001 -0.530000
79.127998 -0.530000
79.132004 -0.525000
79.136002 -0.515000
79.139999 -0.495000
79.143997 -0.490000
79.148003 -0.460000
79.152000 -0.445000
79.155998 -0.420000
79.160004 -0.395000
79.164001 -0.395000
79.167999 -0.410000
79.171997 -0.410000
79.176003 -0.385000
79.180000 -0.390000
79.183998 -0.355000
79.188004 -0.365000
79.192001 -0.365000
79.195999 -0.360000
79.199997 -0.360000
79.204002 -0.375000
79.208000 -0.370000
79.211998 -0.385000
79.216003 -0.370000
79.220001 -0.375000
79.223999 -0.365000
79.227997 -0.375000
79.232002 -0.375000
79.236000 -0.390000
79.239998 -0.395000
79.244003 -0.400000
79.248001 -0.385000
79.251999 -0.405000
79.255997 -0.410000
79.260002 -0.390000
79.264000 -0.415000
79.267998 -0.430000
79.272003 -0.425000
79.276001 -0.440000
79.279999 -0.435000
79.283997 -0.455000
79.288002 -0.440000
79.292000 -0.425000
79.295998 -0.440000
79.300003 -0.420000
79.304001 -0.435000
79.307999 -0.430000
79.311996 -0.440000
79.316002 -0.440000
79.320000 -0.455000
79.323997 -0.470000
79.328003 -0.455000
79.332001 -0.460000
79.335999 -0.445000
79.339996 -0.440000
79.344002 -0.435000
79.348000 -0.455000
79.351997 -0.440000
79.356003 -0.445000
79.360001 -0.445000
79.363998 -0.465000
79.367996 -0.420000
79.372002 -0.435000
79.375999 -0.415000
79.379997 -0.430000
79.384003 -0.435000
79.388000 -0.445000
79.391998 -0.445000
79.396004 -0.425000
79.400002 -0.425000
79.403999 -0.405000
79.407997 -0.415000
79.412003 -0.410000
79.416000 -0.440000
79.419998 -0.430000
79.424004 -0.435000
79.428001 -0.450000
79.431999 -0.450000
79.435997 -0.415000
79.440002 -0.430000
79.444000 -0.440000
79.447998 -0.435000
79.452003 -0.440000
79.456001 -0.455000
79.459999 -0.445000
79.463997 -0.455000
79.468002 -0.455000
79.472000 -0.455000
79.475998 -0.435000
79.480003 -0.420000
79.484001 -0.430000
79.487999 -0.425000
79.491997 -0.405000
79.496002 -0.395000
79.500000 -0.365000
79.503998 -0.345000
79.508003 -0.340000
79.512001 -0.325000
79.515999 -0.290000
79.519997 -0.285000
79.524002 -0.270000
79.528000 -0.270000
79.531998 -0.270000
79.536003 -0.240000
79.540001 -0.225000
79.543999 -0.220000
79.547997 -0.230000
79.552002 -0.245000
79.556000 -0.270000
79.559998 -0.295000
79.564003 -0.300000
79.568001 -0.325000
79.571999 -0.315000
79.575996 -0.330000
79.580002 -0.340000
79.584000 -0.345000
79.587997 -0.355000
79.592003 -0.370000
79.596001 -0.380000
79.599998 -0.415000
79.603996 -0.440000
79.608002 -0.435000
79.612000 -0.445000
79.615997 -0.470000
79.620003 -0.470000
79.624001 -0.440000
79.627998 -0.470000
79.632004 -0.470000
79.636002 -0.490000
79.639999 -0.485000
79.643997 -0.495000
79.648003 -0.480000
79.652000 -0.475000
79.655998 -0.485000
79.660004 -0.460000
79.664001 -0.455000
79.667999 -0.470000
79.671997 -0.455000
79.676003 -0.465000
79.680000 -0.460000
79.683998 -0.450000
79.688004 -0.450000
79.692001 -0.435000
79.695999 -0.425000
79.699997 -0.420000
79.704002 -0.400000
79.708000 -0.365000
79.711998 -0.300000
79.716003 -0.160000
79.720001 0.055000
79.723999 0.295000
79.727997 0.515000
79.732002 0.665000
79.736000 0.735000
79.739998 0.740000
79.744003 0.715000
79.748001 0.650000
79.751999 0.560000
79.755997 0.485000
79.760002 0.400000
79.764000 0.385000
79.767998 0.380000
79.772003 0.420000
79.776001 0.415000
79.779999 0.395000
79.783997 0.320000
79.788002 0.245000
79.792000 0.175000
79.795998 0.145000
79.800003 0.225000
79.804001 0.340000
79.807999 0.380000
79.811996 0.320000
79.816002 0.125000
79.820000 -0.100000
79.823997 -0.250000
79.828003 -0.325000
79.832001 -0.350000
79.835999 -0.350000
79.839996 -0.385000
79.844002 -0.420000
79.848000 -0.460000
79.851997 -0.485000
79.856003 -0.490000
79.860001 -0.495000
79.863998 -0.500000
79.867996 -0.480000
79.872002 -0.500000
79.875999 -0.480000
79.879997 -0.480000
79.884003 -0.485000
79.888000 -0.480000
79.891998 -0.480000
79.896004 -0.470000
79.900002 -0.485000
79.903999 -0.470000
79.907997 -0.475000
79.912003 -0.480000
79.916000 -0.465000
79.919998 -0.455000
79.924004 -0.480000
79.928001 -0.495000
79.931999 -0.510000
79.935997 -0.505000
79.940002 -0.505000
79.944000 -0.480000
79.947998 -0.495000
79.952003 -0.495000
79.956001 -0.500000
79.959999 -0.500000
79.963997 -0.510000
79.968002 -0.525000
79.972000 -0.530000
79.975998 -0.535000
79.980003 -0.545000
79.984001 -0.540000
79.987999 -0.540000
79.991997 -0.530000
79.996002 -0.550000
80.000000 -0.550000
80.003998 -0.555000
80.008003 -0.570000
80.012001 -0.570000
80.015999 -0.580000
80.019997 -0.560000
80.024002 -0.545000
80.028000 -0.570000
80.031998 -0.570000
80.036003 -0.565000
80.040001 -0.580000
80.043999 -0.575000
80.047997 -0.555000
80.052002 -0.550000
80.056000 -0.550000
80.059998 -0.555000
80.064003 -0.540000
80.068001 -0.550000
80.071999 -0.565000
80.075996 -0.555000
80.080002 -0.530000
80.084000 -0.545000
80.087997 -0.520000
80.092003 -0.515000
80.096001 -0.490000
80.099998 -0.485000
80.103996 -0.500000
80.108002 -0.485000
80.112000 -0.465000
80.115997 -0.470000
80.120003 -0.435000
80.124001 -0.425000
80.127998 -0.400000
80.132004 -0.380000
80.136002 -0.375000
80.139999 -0.375000
80.143997 -0.385000
80.148003 -0.380000
80.152000 -0.365000
80.155998 -0.365000
80.160004 -0.335000
80.164001 -0.340000
80.167999 -0.345000
80.171997 -0.325000
80.176003 -0.350000
80.180000 -0.345000
80.183998 -0.360000
80.188004 -0.355000
80.192001 -0.355000
80.195999 -0.350000
80.199997 -0.340000
80.204002 -0.360000
80.208000 -0.350000
80.211998 -0.350000
80.216003 -0.375000
80.220001 -0.385000
80.223999 -0.390000
80.227997 -0.360000
80.232002 -0.380000
80.236000 -0.380000
80.239998 -0.365000
80.244003 -0.400000
80.248001 -0.400000
80.251999 -0.405000
80.255997 -0.415000
80.260002 -0.425000
80.264000 -0.405000
80.267998 -0.400000
80.272003 -0.395000
80.276001 -0.385000
80.279999 -0.405000
80.283997 -0.415000
80.288002 -0.420000
80.292000 -0.420000
80.295998 -0.410000
80.300003 -0.405000
80.304001 -0.415000
80.307999 -0.385000
80.311996 -0.400000
80.316002 -0.405000
80.320000 -0.400000
80.323997 -0.405000
80.328003 -0.400000
80.332001 -0.415000
80.335999 -0.395000
80.339996 -0.395000
80.344002 -0.390000
80.348000 -0.385000
80.351997 -0.390000
80.356003 -0.400000
80.360001 -0.385000
80.363998 -0.390000
80.367996 -0.390000
80.372002 -0.400000
