100 2
78.375999 -0.415000
78.379997 -0.415000
78.384003 -0.400000
78.388000 -0.385000
78.391998 -0.390000
78.396004 -0.405000
78.400002 -0.395000
78.403999 -0.400000
78.407997 -0.405000
78.412003 -0.410000
78.416000 -0.395000
78.419998 -0.395000
78.424004 -0.385000
78.428001 -0.385000
78.431999 -0.390000
78.435997 -0.390000
78.440002 -0.400000
78.444000 -0.390000
78.447998 -0.395000
78.452003 -0.410000
78.456001 -0.395000
78.459999 -0.385000
78.463997 -0.355000
78.468002 -0.390000
78.472000 -0.395000
78.475998 -0.395000
78.480003 -0.405000
78.484001 -0.405000
78.487999 -0.420000
78.491997 -0.395000
78.496002 -0.395000
78.500000 -0.385000
78.503998 -0.380000
78.508003 -0.385000
78.512001 -0.370000
78.515999 -0.390000
78.519997 -0.385000
78.524002 -0.350000
78.528000 -0.330000
78.531998 -0.320000
78.536003 -0.300000
78.540001 -0.285000
78.543999 -0.270000
78.547997 -0.275000
78.552002 -0.250000
78.556000 -0.265000
78.559998 -0.240000
78.564003 -0.220000
78.568001 -0.210000
78.571999 -0.195000
78.575996 -0.220000
78.580002 -0.230000
78.584000 -0.250000
78.587997 -0.275000
78.592003 -0.295000
78.596001 -0.300000
78.599998 -0.300000
78.603996 -0.310000
78.608002 -0.305000
78.612000 -0.305000
78.615997 -0.320000
78.620003 -0.350000
78.624001 -0.380000
78.627998 -0.395000
78.632004 -0.400000
78.636002 -0.420000
78.639999 -0.435000
78.643997 -0.420000
78.648003 -0.425000
78.652000 -0.445000
78.655998 -0.445000
78.660004 -0.435000
78.664001 -0.450000
78.667999 -0.480000
78.671997 -0.475000
78.676003 -0.440000
78.680000 -0.445000
78.683998 -0.430000
78.688004 -0.435000
78.692001 -0.435000
78.695999 -0.425000
78.699997 -0.450000
78.704002 -0.430000
78.708000 -0.445000
78.711998 -0.415000
78.716003 -0.415000
78.720001 -0.420000
78.723999 -0.415000
78.727997 -0.420000
78.732002 -0.395000
78.736000 -0.375000
78.739998 -0.290000
78.744003 -0.175000
78.748001 0.010000
78.751999 0.245000
78.755997 0.465000
78.760002 0.580000
78.764000 0.645000
78.767998 0.655000
78.772003 0.635000
