2500.000000 2.000000
0.000000 0.635000
0.004000 0.680000
0.008000 0.630000
0.012000 0.570000
0.016000 0.535000
0.020000 0.510000
0.024000 0.515000
0.028000 0.520000
0.032000 0.525000
0.036000 0.495000
0.040000 0.430000
0.044000 0.275000
0.048000 0.195000
0.052000 0.200000
0.056000 0.260000
0.060000 0.355000
0.064000 0.370000
0.068000 0.315000
0.072000 0.155000
0.076000 -0.035000
0.080000 -0.170000
0.084000 -0.255000
0.088000 -0.265000
0.092000 -0.290000
0.096000 -0.300000
0.100000 -0.335000
0.104000 -0.365000
0.108000 -0.385000
0.112000 -0.355000
0.116000 -0.355000
0.120000 -0.360000
0.124000 -0.340000
0.128000 -0.360000
0.132000 -0.370000
0.136000 -0.350000
0.140000 -0.365000
0.144000 -0.345000
0.148000 -0.365000
0.152000 -0.325000
0.156000 -0.335000
0.160000 -0.345000
0.164000 -0.350000
0.168000 -0.385000
0.172000 -0.355000
0.176000 -0.365000
0.180000 -0.350000
0.184000 -0.350000
0.188000 -0.340000
0.192000 -0.360000
0.196000 -0.360000
0.200000 -0.385000
0.204000 -0.385000
0.208000 -0.390000
0.212000 -0.400000
0.216000 -0.405000
0.220000 -0.375000
0.224000 -0.400000
0.228000 -0.400000
0.232000 -0.410000
0.236000 -0.420000
0.240000 -0.420000
0.244000 -0.430000
0.248000 -0.435000
0.252000 -0.425000
0.256000 -0.440000
0.260000 -0.455000
0.264000 -0.440000
0.268000 -0.440000
0.272000 -0.465000
0.276000 -0.455000
0.280000 -0.445000
0.284000 -0.445000
0.288000 -0.490000
0.292000 -0.450000
0.296000 -0.450000
0.300000 -0.460000
0.304000 -0.445000
0.308000 -0.475000
0.312000 -0.465000
0.316000 -0.445000
0.320000 -0.445000
0.324000 -0.440000
0.328000 -0.435000
0.332000 -0.420000
0.336000 -0.375000
0.340000 -0.405000
0.344000 -0.385000
0.348000 -0.390000
0.352000 -0.350000
0.356000 -0.345000
0.360000 -0.310000
0.364000 -0.300000
0.368000 -0.305000
0.372000 -0.275000
0.376000 -0.280000
0.380000 -0.275000
0.384000 -0.270000
0.388000 -0.260000
0.392000 -0.255000
0.396000 -0.260000
0.400000 -0.210000
0.404000 -0.190000
0.408000 -0.210000
0.412000 -0.235000
0.416000 -0.235000
0.420000 -0.245000
0.424000 -0.255000
0.428000 -0.235000
0.432000 -0.235000
0.436000 -0.245000
0.440000 -0.255000
0.444000 -0.225000
0.448000 -0.240000
0.452000 -0.230000
0.456000 -0.235000
0.460000 -0.260000
0.464000 -0.285000
0.468000 -0.300000
0.472000 -0.265000
0.476000 -0.295000
0.480000 -0.290000
0.484000 -0.300000
0.488000 -0.285000
0.492000 -0.290000
0.496000 -0.305000
0.500000 -0.280000
0.504000 -0.285000
0.508000 -0.300000
0.512000 -0.305000
0.516000 -0.305000
0.520000 -0.310000
0.524000 -0.315000
0.528000 -0.285000
0.532000 -0.290000
0.536000 -0.320000
0.540000 -0.300000
0.544000 -0.310000
0.548000 -0.285000
0.552000 -0.280000
0.556000 -0.265000
0.560000 -0.305000
0.564000 -0.300000
0.568000 -0.320000
0.572000 -0.295000
0.576000 -0.290000
0.580000 -0.300000
0.584000 -0.295000
0.588000 -0.300000
0.592000 -0.310000
0.596000 -0.305000
0.600000 -0.305000
0.604000 -0.260000
0.608000 -0.255000
0.612000 -0.215000
0.616000 -0.200000
0.620000 -0.200000
0.624000 -0.195000
0.628000 -0.170000
0.632000 -0.160000
0.636000 -0.160000
0.640000 -0.140000
0.644000 -0.130000
0.648000 -0.140000
0.652000 -0.135000
0.656000 -0.145000
0.660000 -0.145000
0.664000 -0.165000
0.668000 -0.165000
0.672000 -0.185000
0.676000 -0.235000
0.680000 -0.255000
0.684000 -0.290000
0.688000 -0.260000
0.692000 -0.255000
0.696000 -0.245000
0.700000 -0.240000
0.704000 -0.285000
0.708000 -0.285000
0.712000 -0.310000
0.716000 -0.345000
0.720000 -0.340000
0.724000 -0.350000
0.728000 -0.345000
0.732000 -0.360000
0.736000 -0.375000
0.740000 -0.360000
0.744000 -0.395000
0.748000 -0.385000
0.752000 -0.385000
0.756000 -0.380000
0.760000 -0.365000
0.764000 -0.355000
0.768000 -0.350000
0.772000 -0.365000
0.776000 -0.365000
0.780000 -0.365000
0.784000 -0.350000
0.788000 -0.350000
0.792000 -0.355000
0.796000 -0.375000
0.800000 -0.380000
0.804000 -0.355000
0.808000 -0.335000
0.812000 -0.315000
0.816000 -0.280000
0.820000 -0.215000
0.824000 -0.145000
0.828000 0.010000
0.832000 0.195000
0.836000 0.405000
0.840000 0.575000
0.844000 0.685000
0.848000 0.725000
0.852000 0.765000
0.856000 0.750000
0.860000 0.685000
0.864000 0.615000
0.868000 0.560000
0.872000 0.515000
0.876000 0.510000
0.880000 0.500000
0.884000 0.515000
0.888000 0.495000
0.892000 0.430000
0.896000 0.330000
0.900000 0.230000
0.904000 0.145000
0.908000 0.120000
0.912000 0.160000
0.916000 0.255000
0.920000 0.285000
0.924000 0.240000
0.928000 0.070000
0.932000 -0.105000
0.936000 -0.240000
0.940000 -0.285000
0.944000 -0.295000
0.948000 -0.295000
0.952000 -0.295000
0.956000 -0.370000
0.960000 -0.395000
0.964000 -0.415000
0.968000 -0.420000
0.972000 -0.415000
0.976000 -0.415000
0.980000 -0.390000
0.984000 -0.395000
0.988000 -0.370000
0.992000 -0.375000
0.996000 -0.370000
1.000000 -0.375000
1.004000 -0.380000
1.008000 -0.395000
1.012000 -0.420000
1.016000 -0.405000
1.020000 -0.390000
1.024000 -0.390000
1.028000 -0.380000
1.032000 -0.415000
1.036000 -0.410000
1.040000 -0.410000
1.044000 -0.420000
1.048000 -0.420000
1.052000 -0.420000
1.056000 -0.395000
1.060000 -0.410000
1.064000 -0.395000
1.068000 -0.395000
1.072000 -0.420000
1.076000 -0.420000
1.080000 -0.440000
1.084000 -0.485000
1.088000 -0.490000
1.092000 -0.480000
1.096000 -0.455000
1.100000 -0.455000
1.104000 -0.470000
1.108000 -0.480000
1.112000 -0.500000
1.116000 -0.480000
1.120000 -0.495000
1.124000 -0.495000
1.128000 -0.485000
1.132000 -0.480000
1.136000 -0.485000
1.140000 -0.495000
1.144000 -0.490000
1.148000 -0.490000
1.152000 -0.480000
1.156000 -0.455000
1.160000 -0.450000
1.164000 -0.460000
1.168000 -0.425000
1.172000 -0.410000
1.176000 -0.420000
1.180000 -0.420000
1.184000 -0.425000
1.188000 -0.410000
1.192000 -0.390000
1.196000 -0.415000
1.200000 -0.415000
1.204000 -0.390000
1.208000 -0.360000
1.212000 -0.360000
1.216000 -0.335000
1.220000 -0.315000
1.224000 -0.315000
1.228000 -0.295000
1.232000 -0.310000
1.236000 -0.280000
1.240000 -0.275000
1.244000 -0.265000
1.248000 -0.260000
1.252000 -0.255000
1.256000 -0.230000
1.260000 -0.245000
1.264000 -0.265000
1.268000 -0.215000
1.272000 -0.230000
1.276000 -0.220000
1.280000 -0.235000
1.284000 -0.235000
1.288000 -0.255000
1.292000 -0.255000
1.296000 -0.285000
1.300000 -0.270000
1.304000 -0.280000
1.308000 -0.265000
1.312000 -0.235000
1.316000 -0.240000
1.320000 -0.260000
1.324000 -0.265000
1.328000 -0.280000
1.332000 -0.280000
1.336000 -0.295000
1.340000 -0.300000
1.344000 -0.315000
1.348000 -0.280000
1.352000 -0.290000
1.356000 -0.295000
1.360000 -0.295000
1.364000 -0.310000
1.368000 -0.300000
1.372000 -0.315000
1.376000 -0.305000
1.380000 -0.300000
1.384000 -0.295000
1.388000 -0.290000
1.392000 -0.315000
1.396000 -0.320000
1.400000 -0.305000
1.404000 -0.305000
1.408000 -0.285000
1.412000 -0.300000
1.416000 -0.275000
1.420000 -0.245000
1.424000 -0.275000
1.428000 -0.265000
1.432000 -0.270000
1.436000 -0.265000
1.440000 -0.280000
1.444000 -0.285000
1.448000 -0.270000
1.452000 -0.255000
1.456000 -0.225000
1.460000 -0.225000
1.464000 -0.205000
1.468000 -0.200000
1.472000 -0.210000
1.476000 -0.190000
1.480000 -0.200000
1.484000 -0.180000
1.488000 -0.150000
1.492000 -0.135000
1.496000 -0.100000
1.500000 -0.090000
1.504000 -0.085000
1.508000 -0.060000
1.512000 -0.075000
1.516000 -0.095000
1.520000 -0.100000
1.524000 -0.110000
1.528000 -0.110000
1.532000 -0.130000
1.536000 -0.160000
1.540000 -0.160000
1.544000 -0.195000
1.548000 -0.190000
1.552000 -0.190000
1.556000 -0.180000
1.560000 -0.180000
1.564000 -0.185000
1.568000 -0.195000
1.572000 -0.215000
1.576000 -0.240000
1.580000 -0.275000
1.584000 -0.310000
1.588000 -0.320000
1.592000 -0.305000
1.596000 -0.295000
1.600000 -0.300000
1.604000 -0.290000
1.608000 -0.265000
1.612000 -0.280000
1.616000 -0.290000
1.620000 -0.305000
1.624000 -0.320000
1.628000 -0.305000
1.632000 -0.295000
1.636000 -0.295000
1.640000 -0.300000
1.644000 -0.285000
1.648000 -0.285000
1.652000 -0.280000
1.656000 -0.280000
1.660000 -0.275000
1.664000 -0.275000
1.668000 -0.250000
1.672000 -0.205000
1.676000 -0.140000
1.680000 -0.105000
1.684000 -0.055000
1.688000 0.040000
1.692000 0.220000
1.696000 0.390000
1.700000 0.600000
1.704000 0.740000
1.708000 0.830000
1.712000 0.875000
1.716000 0.885000
1.720000 0.835000
1.724000 0.750000
1.728000 0.665000
1.732000 0.615000
1.736000 0.600000
1.740000 0.575000
1.744000 0.595000
1.748000 0.590000
1.752000 0.530000
1.756000 0.405000
1.760000 0.295000
1.764000 0.170000
1.768000 0.155000
1.772000 0.225000
1.776000 0.315000
1.780000 0.345000
1.784000 0.290000
1.788000 0.150000
1.792000 -0.040000
1.796000 -0.175000
1.800000 -0.260000
1.804000 -0.235000
1.808000 -0.240000
1.812000 -0.250000
1.816000 -0.275000
1.820000 -0.315000
1.824000 -0.380000
1.828000 -0.375000
1.832000 -0.375000
1.836000 -0.350000
1.840000 -0.370000
1.844000 -0.360000
1.848000 -0.345000
1.852000 -0.350000
1.856000 -0.340000
1.860000 -0.325000
1.864000 -0.335000
1.868000 -0.330000
1.872000 -0.335000
1.876000 -0.330000
1.880000 -0.365000
1.884000 -0.375000
1.888000 -0.370000
1.892000 -0.345000
1.896000 -0.360000
1.900000 -0.340000
1.904000 -0.335000
1.908000 -0.365000
1.912000 -0.365000
1.916000 -0.390000
1.920000 -0.390000
1.924000 -0.375000
1.928000 -0.375000
1.932000 -0.370000
1.936000 -0.405000
1.940000 -0.425000
1.944000 -0.445000
1.948000 -0.440000
1.952000 -0.435000
1.956000 -0.450000
1.960000 -0.455000
1.964000 -0.445000
1.968000 -0.445000
1.972000 -0.435000
1.976000 -0.435000
1.980000 -0.425000
1.984000 -0.455000
1.988000 -0.475000
1.992000 -0.490000
1.996000 -0.455000
2.000000 -0.480000
2.004000 -0.480000
2.008000 -0.455000
2.012000 -0.475000
2.016000 -0.475000
2.020000 -0.475000
2.024000 -0.495000
2.028000 -0.465000
2.032000 -0.465000
2.036000 -0.445000
2.040000 -0.445000
2.044000 -0.435000
2.048000 -0.445000
2.052000 -0.470000
2.056000 -0.425000
2.060000 -0.440000
2.064000 -0.420000
2.068000 -0.390000
2.072000 -0.385000
2.076000 -0.355000
2.080000 -0.340000
2.084000 -0.335000
2.088000 -0.315000
2.092000 -0.310000
2.096000 -0.320000
2.100000 -0.310000
2.104000 -0.290000
2.108000 -0.260000
2.112000 -0.255000
2.116000 -0.225000
2.120000 -0.240000
2.124000 -0.240000
2.128000 -0.245000
2.132000 -0.230000
2.136000 -0.235000
2.140000 -0.240000
2.144000 -0.235000
2.148000 -0.230000
2.152000 -0.240000
2.156000 -0.215000
2.160000 -0.225000
2.164000 -0.260000
2.168000 -0.255000
2.172000 -0.265000
2.176000 -0.255000
2.180000 -0.250000
2.184000 -0.245000
2.188000 -0.245000
2.192000 -0.220000
2.196000 -0.245000
2.200000 -0.260000
2.204000 -0.280000
2.208000 -0.300000
2.212000 -0.295000
2.216000 -0.290000
2.220000 -0.295000
2.224000 -0.290000
2.228000 -0.275000
2.232000 -0.270000
2.236000 -0.290000
2.240000 -0.295000
2.244000 -0.290000
2.248000 -0.295000
2.252000 -0.305000
2.256000 -0.285000
2.260000 -0.265000
2.264000 -0.260000
2.268000 -0.280000
2.272000 -0.270000
2.276000 -0.290000
2.280000 -0.280000
2.284000 -0.285000
2.288000 -0.280000
2.292000 -0.290000
2.296000 -0.290000
2.300000 -0.275000
2.304000 -0.260000
2.308000 -0.270000
2.312000 -0.270000
2.316000 -0.280000
2.320000 -0.280000
2.324000 -0.270000
2.328000 -0.245000
2.332000 -0.215000
2.336000 -0.195000
2.340000 -0.185000
2.344000 -0.175000
2.348000 -0.140000
2.352000 -0.140000
2.356000 -0.125000
2.360000 -0.100000
2.364000 -0.090000
2.368000 -0.055000
2.372000 -0.015000
2.376000 -0.040000
2.380000 -0.015000
2.384000 -0.075000
2.388000 -0.115000
2.392000 -0.145000
2.396000 -0.165000
2.400000 -0.155000
2.404000 -0.140000
2.408000 -0.145000
2.412000 -0.165000
2.416000 -0.180000
2.420000 -0.165000
2.424000 -0.215000
2.428000 -0.220000
2.432000 -0.260000
2.436000 -0.275000
2.440000 -0.300000
2.444000 -0.295000
2.448000 -0.315000
2.452000 -0.320000
2.456000 -0.310000
2.460000 -0.320000
2.464000 -0.320000
2.468000 -0.340000
2.472000 -0.330000
2.476000 -0.325000
2.480000 -0.320000
2.484000 -0.320000
2.488000 -0.300000
2.492000 -0.325000
2.496000 -0.355000
2.500000 -0.345000
2.504000 -0.340000
2.508000 -0.320000
2.512000 -0.315000
2.516000 -0.300000
2.520000 -0.300000
2.524000 -0.300000
2.528000 -0.300000
2.532000 -0.285000
2.536000 -0.275000
2.540000 -0.215000
2.544000 -0.150000
2.548000 -0.035000
2.552000 0.145000
2.556000 0.350000
2.560000 0.590000
2.564000 0.825000
2.568000 0.990000
2.572000 1.105000
2.576000 1.135000
2.580000 1.135000
2.584000 1.095000
2.588000 1.025000
2.592000 0.915000
2.596000 0.880000
2.600000 0.860000
2.604000 0.855000
2.608000 0.835000
2.612000 0.820000
2.616000 0.770000
2.620000 0.700000
2.624000 0.565000
2.628000 0.455000
2.632000 0.385000
2.636000 0.420000
2.640000 0.525000
2.644000 0.575000
2.648000 0.545000
2.652000 0.405000
2.656000 0.165000
2.660000 -0.010000
2.664000 -0.160000
2.668000 -0.185000
2.672000 -0.210000
2.676000 -0.205000
2.680000 -0.285000
2.684000 -0.340000
2.688000 -0.405000
2.692000 -0.385000
2.696000 -0.410000
2.700000 -0.420000
2.704000 -0.410000
2.708000 -0.380000
2.712000 -0.390000
2.716000 -0.375000
2.720000 -0.350000
2.724000 -0.365000
2.728000 -0.380000
2.732000 -0.365000
2.736000 -0.385000
2.740000 -0.365000
2.744000 -0.350000
2.748000 -0.370000
2.752000 -0.370000
2.756000 -0.390000
2.760000 -0.380000
2.764000 -0.390000
2.768000 -0.390000
2.772000 -0.380000
2.776000 -0.395000
2.780000 -0.375000
2.784000 -0.355000
2.788000 -0.385000
2.792000 -0.415000
2.796000 -0.435000
2.800000 -0.455000
2.804000 -0.425000
2.808000 -0.445000
2.812000 -0.400000
2.816000 -0.430000
2.820000 -0.440000
2.824000 -0.450000
2.828000 -0.470000
2.832000 -0.495000
2.836000 -0.505000
2.840000 -0.520000
2.844000 -0.495000
2.848000 -0.490000
2.852000 -0.470000
2.856000 -0.480000
2.860000 -0.485000
2.864000 -0.505000
2.868000 -0.515000
2.872000 -0.510000
2.876000 -0.515000
2.880000 -0.515000
2.884000 -0.500000
2.888000 -0.490000
2.892000 -0.485000
2.896000 -0.490000
2.900000 -0.500000
2.904000 -0.490000
2.908000 -0.480000
2.912000 -0.460000
2.916000 -0.475000
2.920000 -0.445000
2.924000 -0.435000
2.928000 -0.415000
2.932000 -0.425000
2.936000 -0.405000
2.940000 -0.375000
2.944000 -0.350000
2.948000 -0.325000
2.952000 -0.300000
2.956000 -0.305000
2.960000 -0.285000
2.964000 -0.290000
2.968000 -0.260000
2.972000 -0.275000
2.976000 -0.255000
2.980000 -0.265000
2.984000 -0.255000
2.988000 -0.240000
2.992000 -0.220000
2.996000 -0.210000
3.000000 -0.220000
3.004000 -0.225000
3.008000 -0.225000
3.012000 -0.215000
3.016000 -0.230000
3.020000 -0.240000
3.024000 -0.270000
3.028000 -0.285000
3.032000 -0.260000
3.036000 -0.260000
3.040000 -0.285000
3.044000 -0.295000
3.048000 -0.285000
3.052000 -0.270000
3.056000 -0.275000
3.060000 -0.265000
3.064000 -0.240000
3.068000 -0.265000
3.072000 -0.285000
3.076000 -0.290000
3.080000 -0.330000
3.084000 -0.325000
3.088000 -0.330000
3.092000 -0.320000
3.096000 -0.315000
3.100000 -0.305000
3.104000 -0.320000
3.108000 -0.315000
3.112000 -0.315000
3.116000 -0.320000
3.120000 -0.305000
3.124000 -0.310000
3.128000 -0.295000
3.132000 -0.300000
3.136000 -0.300000
3.140000 -0.325000
3.144000 -0.320000
3.148000 -0.305000
3.152000 -0.330000
3.156000 -0.325000
3.160000 -0.320000
3.164000 -0.320000
3.168000 -0.300000
3.172000 -0.285000
3.176000 -0.285000
3.180000 -0.285000
3.184000 -0.280000
3.188000 -0.255000
3.192000 -0.225000
3.196000 -0.190000
3.200000 -0.185000
3.204000 -0.180000
3.208000 -0.160000
3.212000 -0.150000
3.216000 -0.105000
3.220000 -0.055000
3.224000 -0.075000
3.228000 -0.110000
3.232000 -0.135000
3.236000 -0.105000
3.240000 -0.085000
3.244000 -0.075000
3.248000 -0.100000
3.252000 -0.125000
3.256000 -0.150000
3.260000 -0.180000
3.264000 -0.165000
3.268000 -0.180000
3.272000 -0.190000
3.276000 -0.175000
3.280000 -0.185000
3.284000 -0.190000
3.288000 -0.190000
3.292000 -0.205000
3.296000 -0.240000
3.300000 -0.280000
3.304000 -0.325000
3.308000 -0.355000
3.312000 -0.355000
3.316000 -0.370000
3.320000 -0.355000
3.324000 -0.375000
3.328000 -0.355000
3.332000 -0.360000
3.336000 -0.360000
3.340000 -0.370000
3.344000 -0.370000
3.348000 -0.375000
3.352000 -0.375000
3.356000 -0.335000
3.360000 -0.365000
3.364000 -0.375000
3.368000 -0.370000
3.372000 -0.380000
3.376000 -0.380000
3.380000 -0.360000
3.384000 -0.365000
3.388000 -0.330000
3.392000 -0.320000
3.396000 -0.320000
3.400000 -0.310000
3.404000 -0.270000
3.408000 -0.185000
3.412000 -0.045000
3.416000 0.130000
3.420000 0.375000
3.424000 0.605000
3.428000 0.785000
3.432000 0.915000
3.436000 1.000000
3.440000 1.000000
3.444000 0.945000
3.448000 0.885000
3.452000 0.775000
3.456000 0.700000
3.460000 0.665000
3.464000 0.665000
3.468000 0.680000
3.472000 0.700000
3.476000 0.680000
3.480000 0.620000
3.484000 0.475000
3.488000 0.330000
3.492000 0.205000
3.496000 0.190000
3.500000 0.285000
3.504000 0.405000
3.508000 0.420000
3.512000 0.330000
3.516000 0.130000
3.520000 -0.075000
3.524000 -0.240000
3.528000 -0.305000
3.532000 -0.315000
3.536000 -0.300000
3.540000 -0.315000
3.544000 -0.355000
3.548000 -0.400000
3.552000 -0.415000
3.556000 -0.435000
3.560000 -0.430000
3.564000 -0.440000
3.568000 -0.430000
3.572000 -0.445000
3.576000 -0.445000
3.580000 -0.435000
3.584000 -0.420000
3.588000 -0.435000
3.592000 -0.430000
3.596000 -0.430000
3.600000 -0.430000
3.604000 -0.415000
3.608000 -0.400000
3.612000 -0.380000
3.616000 -0.395000
3.620000 -0.435000
3.624000 -0.440000
3.628000 -0.445000
3.632000 -0.470000
3.636000 -0.465000
3.640000 -0.475000
3.644000 -0.475000
3.648000 -0.475000
3.652000 -0.460000
3.656000 -0.455000
3.660000 -0.475000
3.664000 -0.500000
3.668000 -0.515000
3.672000 -0.525000
3.676000 -0.530000
3.680000 -0.505000
3.684000 -0.505000
3.688000 -0.525000
3.692000 -0.550000
3.696000 -0.555000
3.700000 -0.550000
3.704000 -0.530000
3.708000 -0.540000
3.712000 -0.560000
3.716000 -0.570000
3.720000 -0.580000
3.724000 -0.565000
3.728000 -0.565000
3.732000 -0.560000
3.736000 -0.580000
3.740000 -0.565000
3.744000 -0.545000
3.748000 -0.555000
3.752000 -0.575000
3.756000 -0.555000
3.760000 -0.530000
3.764000 -0.540000
3.768000 -0.550000
3.772000 -0.495000
3.776000 -0.500000
3.780000 -0.505000
3.784000 -0.510000
3.788000 -0.475000
3.792000 -0.450000
3.796000 -0.440000
3.800000 -0.440000
3.804000 -0.445000
3.808000 -0.435000
3.812000 -0.385000
3.816000 -0.375000
3.820000 -0.370000
3.824000 -0.360000
3.828000 -0.355000
3.832000 -0.355000
3.836000 -0.335000
3.840000 -0.350000
3.844000 -0.365000
3.848000 -0.355000
3.852000 -0.320000
3.856000 -0.335000
3.860000 -0.315000
3.864000 -0.320000
3.868000 -0.300000
3.872000 -0.290000
3.876000 -0.330000
3.880000 -0.320000
3.884000 -0.335000
3.888000 -0.360000
3.892000 -0.360000
3.896000 -0.315000
3.900000 -0.335000
3.904000 -0.335000
3.908000 -0.370000
3.912000 -0.380000
3.916000 -0.360000
3.920000 -0.355000
3.924000 -0.365000
3.928000 -0.345000
3.932000 -0.375000
3.936000 -0.375000
3.940000 -0.370000
3.944000 -0.380000
3.948000 -0.415000
3.952000 -0.435000
3.956000 -0.430000
3.960000 -0.415000
3.964000 -0.405000
3.968000 -0.395000
3.972000 -0.380000
3.976000 -0.355000
3.980000 -0.365000
3.984000 -0.355000
3.988000 -0.370000
3.992000 -0.420000
3.996000 -0.400000
4.000000 -0.400000
4.004000 -0.390000
4.008000 -0.385000
4.012000 -0.365000
4.016000 -0.355000
4.020000 -0.365000
4.024000 -0.325000
4.028000 -0.330000
4.032000 -0.355000
4.036000 -0.355000
4.040000 -0.315000
4.044000 -0.300000
4.048000 -0.260000
4.052000 -0.240000
4.056000 -0.220000
4.060000 -0.215000
4.064000 -0.205000
4.068000 -0.200000
4.072000 -0.205000
4.076000 -0.195000
4.080000 -0.150000
4.084000 -0.130000
4.088000 -0.115000
4.092000 -0.130000
4.096000 -0.145000
4.100000 -0.155000
4.104000 -0.160000
4.108000 -0.175000
4.112000 -0.190000
4.116000 -0.205000
4.120000 -0.210000
4.124000 -0.230000
4.128000 -0.240000
4.132000 -0.250000
4.136000 -0.240000
4.140000 -0.250000
4.144000 -0.270000
4.148000 -0.280000
4.152000 -0.320000
4.156000 -0.350000
4.160000 -0.370000
4.164000 -0.365000
4.168000 -0.370000
4.172000 -0.350000
4.176000 -0.345000
4.180000 -0.360000
4.184000 -0.405000
4.188000 -0.395000
4.192000 -0.400000
4.196000 -0.380000
4.200000 -0.395000
4.204000 -0.365000
4.208000 -0.370000
4.212000 -0.355000
4.216000 -0.360000
4.220000 -0.385000
4.224000 -0.340000
4.228000 -0.345000
4.232000 -0.335000
4.236000 -0.330000
4.240000 -0.305000
4.244000 -0.300000
4.248000 -0.280000
4.252000 -0.265000
4.256000 -0.195000
4.260000 -0.085000
4.264000 0.065000
4.268000 0.285000
4.272000 0.495000
4.276000 0.710000
4.280000 0.885000
4.284000 1.005000
4.288000 1.070000
4.292000 1.075000
4.296000 1.020000
4.300000 0.925000
4.304000 0.830000
4.308000 0.780000
4.312000 0.740000
4.316000 0.720000
4.320000 0.735000
4.324000 0.730000
4.328000 0.675000
4.332000 0.550000
4.336000 0.390000
4.340000 0.265000
4.344000 0.225000
4.348000 0.285000
4.352000 0.395000
4.356000 0.445000
4.360000 0.420000
4.364000 0.240000
4.368000 0.035000
4.372000 -0.145000
4.376000 -0.220000
4.380000 -0.235000
4.384000 -0.250000
4.388000 -0.285000
4.392000 -0.360000
4.396000 -0.390000
4.400000 -0.385000
4.404000 -0.390000
4.408000 -0.400000
4.412000 -0.395000
4.416000 -0.380000
4.420000 -0.380000
4.424000 -0.380000
4.428000 -0.375000
4.432000 -0.385000
4.436000 -0.395000
4.440000 -0.395000
4.444000 -0.370000
4.448000 -0.380000
4.452000 -0.355000
4.456000 -0.365000
4.460000 -0.400000
4.464000 -0.395000
4.468000 -0.405000
4.472000 -0.375000
4.476000 -0.370000
4.480000 -0.385000
4.484000 -0.400000
4.488000 -0.440000
4.492000 -0.450000
4.496000 -0.435000
4.500000 -0.465000
4.504000 -0.450000
4.508000 -0.460000
4.512000 -0.445000
4.516000 -0.445000
4.520000 -0.440000
4.524000 -0.440000
4.528000 -0.460000
4.532000 -0.470000
4.536000 -0.495000
4.540000 -0.525000
4.544000 -0.525000
4.548000 -0.535000
4.552000 -0.520000
4.556000 -0.530000
4.560000 -0.510000
4.564000 -0.535000
4.568000 -0.535000
4.572000 -0.515000
4.576000 -0.515000
4.580000 -0.525000
4.584000 -0.535000
4.588000 -0.515000
4.592000 -0.525000
4.596000 -0.530000
4.600000 -0.530000
4.604000 -0.520000
4.608000 -0.525000
4.612000 -0.515000
4.616000 -0.480000
4.620000 -0.495000
4.624000 -0.505000
4.628000 -0.470000
4.632000 -0.465000
4.636000 -0.435000
4.640000 -0.430000
4.644000 -0.415000
4.648000 -0.400000
4.652000 -0.425000
4.656000 -0.395000
4.660000 -0.390000
4.664000 -0.345000
4.668000 -0.310000
4.672000 -0.300000
4.676000 -0.305000
4.680000 -0.295000
4.684000 -0.280000
4.688000 -0.290000
4.692000 -0.275000
4.696000 -0.260000
4.700000 -0.240000
4.704000 -0.255000
4.708000 -0.255000
4.712000 -0.245000
4.716000 -0.270000
4.720000 -0.270000
4.724000 -0.270000
4.728000 -0.265000
4.732000 -0.240000
4.736000 -0.265000
4.740000 -0.280000
4.744000 -0.305000
4.748000 -0.285000
4.752000 -0.295000
4.756000 -0.290000
4.760000 -0.300000
4.764000 -0.305000
4.768000 -0.295000
4.772000 -0.300000
4.776000 -0.305000
4.780000 -0.305000
4.784000 -0.325000
4.788000 -0.300000
4.792000 -0.320000
4.796000 -0.335000
4.800000 -0.345000
4.804000 -0.340000
4.808000 -0.330000
4.812000 -0.325000
4.816000 -0.310000
4.820000 -0.345000
4.824000 -0.355000
4.828000 -0.355000
4.832000 -0.345000
4.836000 -0.350000
4.840000 -0.335000
4.844000 -0.340000
4.848000 -0.320000
4.852000 -0.325000
4.856000 -0.345000
4.860000 -0.350000
4.864000 -0.325000
4.868000 -0.340000
4.872000 -0.350000
4.876000 -0.340000
4.880000 -0.320000
4.884000 -0.305000
4.888000 -0.285000
4.892000 -0.290000
4.896000 -0.285000
4.900000 -0.270000
4.904000 -0.260000
4.908000 -0.225000
4.912000 -0.205000
4.916000 -0.195000
4.920000 -0.170000
4.924000 -0.150000
4.928000 -0.130000
4.932000 -0.100000
4.936000 -0.095000
4.940000 -0.105000
4.944000 -0.060000
4.948000 -0.060000
4.952000 -0.100000
4.956000 -0.125000
4.960000 -0.140000
4.964000 -0.150000
4.968000 -0.165000
4.972000 -0.195000
4.976000 -0.180000
4.980000 -0.200000
4.984000 -0.215000
4.988000 -0.205000
4.992000 -0.195000
4.996000 -0.200000
5.000000 -0.215000
5.004000 -0.260000
5.008000 -0.285000
5.012000 -0.330000
5.016000 -0.340000
5.020000 -0.350000
5.024000 -0.360000
5.028000 -0.350000
5.032000 -0.355000
5.036000 -0.365000
5.040000 -0.360000
5.044000 -0.340000
5.048000 -0.360000
5.052000 -0.350000
5.056000 -0.335000
5.060000 -0.345000
5.064000 -0.355000
5.068000 -0.335000
5.072000 -0.330000
5.076000 -0.345000
5.080000 -0.365000
5.084000 -0.380000
5.088000 -0.365000
5.092000 -0.360000
5.096000 -0.340000
5.100000 -0.320000
5.104000 -0.310000
5.108000 -0.295000
5.112000 -0.265000
5.116000 -0.220000
5.120000 -0.120000
5.124000 0.020000
5.128000 0.230000
5.132000 0.480000
5.136000 0.705000
5.140000 0.905000
5.144000 1.020000
5.148000 1.075000
5.152000 1.085000
5.156000 1.060000
5.160000 1.005000
5.164000 0.925000
5.168000 0.845000
5.172000 0.780000
5.176000 0.750000
5.180000 0.755000
5.184000 0.780000
5.188000 0.800000
5.192000 0.740000
5.196000 0.605000
5.200000 0.470000
5.204000 0.355000
5.208000 0.345000
5.212000 0.455000
5.216000 0.580000
5.220000 0.635000
5.224000 0.555000
5.228000 0.325000
5.232000 0.075000
5.236000 -0.120000
5.240000 -0.190000
5.244000 -0.215000
5.248000 -0.210000
5.252000 -0.250000
5.256000 -0.280000
5.260000 -0.325000
5.264000 -0.355000
5.268000 -0.350000
5.272000 -0.355000
5.276000 -0.365000
5.280000 -0.345000
5.284000 -0.325000
5.288000 -0.330000
5.292000 -0.320000
5.296000 -0.310000
5.300000 -0.345000
5.304000 -0.360000
5.308000 -0.365000
5.312000 -0.355000
5.316000 -0.335000
5.320000 -0.350000
5.324000 -0.330000
5.328000 -0.355000
5.332000 -0.355000
5.336000 -0.350000
5.340000 -0.370000
5.344000 -0.390000
5.348000 -0.400000
5.352000 -0.400000
5.356000 -0.385000
5.360000 -0.380000
5.364000 -0.395000
5.368000 -0.395000
5.372000 -0.385000
5.376000 -0.400000
5.380000 -0.420000
5.384000 -0.420000
5.388000 -0.430000
5.392000 -0.430000
5.396000 -0.440000
5.400000 -0.460000
5.404000 -0.455000
5.408000 -0.480000
5.412000 -0.495000
5.416000 -0.475000
5.420000 -0.475000
5.424000 -0.450000
5.428000 -0.435000
5.432000 -0.450000
5.436000 -0.470000
5.440000 -0.500000
5.444000 -0.505000
5.448000 -0.495000
5.452000 -0.505000
5.456000 -0.500000
5.460000 -0.480000
5.464000 -0.455000
5.468000 -0.460000
5.472000 -0.465000
5.476000 -0.465000
5.480000 -0.455000
5.484000 -0.420000
5.488000 -0.420000
5.492000 -0.425000
5.496000 -0.425000
5.500000 -0.405000
5.504000 -0.395000
5.508000 -0.375000
5.512000 -0.345000
5.516000 -0.345000
5.520000 -0.300000
5.524000 -0.275000
5.528000 -0.265000
5.532000 -0.245000
5.536000 -0.200000
5.540000 -0.215000
5.544000 -0.195000
5.548000 -0.185000
5.552000 -0.200000
5.556000 -0.185000
5.560000 -0.210000
5.564000 -0.210000
5.568000 -0.185000
5.572000 -0.180000
5.576000 -0.180000
5.580000 -0.185000
5.584000 -0.195000
5.588000 -0.185000
5.592000 -0.200000
5.596000 -0.195000
5.600000 -0.220000
5.604000 -0.205000
5.608000 -0.220000
5.612000 -0.225000
5.616000 -0.210000
5.620000 -0.230000
5.624000 -0.250000
5.628000 -0.255000
5.632000 -0.250000
5.636000 -0.245000
5.640000 -0.245000
5.644000 -0.250000
5.648000 -0.260000
5.652000 -0.255000
5.656000 -0.255000
5.660000 -0.280000
5.664000 -0.290000
5.668000 -0.280000
5.672000 -0.290000
5.676000 -0.310000
5.680000 -0.305000
5.684000 -0.290000
5.688000 -0.280000
5.692000 -0.260000
5.696000 -0.255000
5.700000 -0.265000
5.704000 -0.275000
5.708000 -0.300000
5.712000 -0.290000
5.716000 -0.315000
5.720000 -0.295000
5.724000 -0.290000
5.728000 -0.310000
5.732000 -0.290000
5.736000 -0.295000
5.740000 -0.295000
5.744000 -0.290000
5.748000 -0.300000
5.752000 -0.270000
5.756000 -0.245000
5.760000 -0.220000
5.764000 -0.215000
5.768000 -0.185000
5.772000 -0.190000
5.776000 -0.180000
5.780000 -0.160000
5.784000 -0.125000
5.788000 -0.095000
5.792000 -0.110000
5.796000 -0.120000
5.800000 -0.130000
5.804000 -0.090000
5.808000 -0.080000
5.812000 -0.080000
5.816000 -0.055000
5.820000 -0.070000
5.824000 -0.100000
5.828000 -0.105000
5.832000 -0.110000
5.836000 -0.125000
5.840000 -0.140000
5.844000 -0.170000
5.848000 -0.180000
5.852000 -0.205000
5.856000 -0.195000
5.860000 -0.220000
5.864000 -0.240000
5.868000 -0.255000
5.872000 -0.250000
5.876000 -0.280000
5.880000 -0.305000
5.884000 -0.320000
5.888000 -0.320000
5.892000 -0.335000
5.896000 -0.360000
5.900000 -0.380000
5.904000 -0.385000
5.908000 -0.360000
5.912000 -0.345000
5.916000 -0.375000
5.920000 -0.405000
5.924000 -0.390000
5.928000 -0.385000
5.932000 -0.395000
5.936000 -0.385000
5.940000 -0.365000
5.944000 -0.330000
5.948000 -0.360000
5.952000 -0.375000
5.956000 -0.355000
5.960000 -0.375000
5.964000 -0.390000
5.968000 -0.375000
5.972000 -0.350000
5.976000 -0.285000
5.980000 -0.200000
5.984000 -0.110000
5.988000 0.050000
5.992000 0.270000
5.996000 0.535000
6.000000 0.770000
6.004000 0.920000
6.008000 1.020000
6.012000 1.055000
6.016000 1.030000
6.020000 0.945000
6.024000 0.830000
6.028000 0.745000
6.032000 0.695000
6.036000 0.675000
6.040000 0.690000
6.044000 0.730000
6.048000 0.725000
6.052000 0.655000
6.056000 0.560000
6.060000 0.400000
6.064000 0.265000
6.068000 0.190000
6.072000 0.255000
6.076000 0.360000
6.080000 0.450000
6.084000 0.395000
6.088000 0.225000
6.092000 0.010000
6.096000 -0.175000
6.100000 -0.285000
6.104000 -0.315000
6.108000 -0.305000
6.112000 -0.300000
6.116000 -0.345000
6.120000 -0.390000
6.124000 -0.420000
6.128000 -0.425000
6.132000 -0.450000
6.136000 -0.435000
6.140000 -0.435000
6.144000 -0.445000
6.148000 -0.435000
6.152000 -0.415000
6.156000 -0.400000
6.160000 -0.410000
6.164000 -0.375000
6.168000 -0.395000
6.172000 -0.415000
6.176000 -0.435000
6.180000 -0.440000
6.184000 -0.445000
6.188000 -0.405000
6.192000 -0.410000
6.196000 -0.430000
6.200000 -0.435000
6.204000 -0.405000
6.208000 -0.405000
6.212000 -0.440000
6.216000 -0.435000
6.220000 -0.435000
6.224000 -0.445000
6.228000 -0.420000
6.232000 -0.425000
6.236000 -0.435000
6.240000 -0.460000
6.244000 -0.480000
6.248000 -0.485000
6.252000 -0.485000
6.256000 -0.480000
6.260000 -0.485000
6.264000 -0.470000
6.268000 -0.460000
6.272000 -0.480000
6.276000 -0.500000
6.280000 -0.495000
6.284000 -0.510000
6.288000 -0.520000
6.292000 -0.560000
6.296000 -0.550000
6.300000 -0.545000
6.304000 -0.540000
6.308000 -0.520000
6.312000 -0.495000
6.316000 -0.505000
6.320000 -0.495000
6.324000 -0.500000
6.328000 -0.500000
6.332000 -0.500000
6.336000 -0.485000
6.340000 -0.480000
6.344000 -0.470000
6.348000 -0.470000
6.352000 -0.460000
6.356000 -0.490000
6.360000 -0.480000
6.364000 -0.455000
6.368000 -0.430000
6.372000 -0.410000
6.376000 -0.365000
6.380000 -0.340000
6.384000 -0.315000
6.388000 -0.315000
6.392000 -0.285000
6.396000 -0.290000
6.400000 -0.280000
6.404000 -0.265000
6.408000 -0.280000
6.412000 -0.300000
6.416000 -0.285000
6.420000 -0.265000
6.424000 -0.270000
6.428000 -0.275000
6.432000 -0.265000
6.436000 -0.260000
6.440000 -0.280000
6.444000 -0.245000
6.448000 -0.240000
6.452000 -0.245000
6.456000 -0.275000
6.460000 -0.280000
6.464000 -0.280000
6.468000 -0.300000
6.472000 -0.315000
6.476000 -0.330000
6.480000 -0.335000
6.484000 -0.315000
6.488000 -0.300000
6.492000 -0.285000
6.496000 -0.295000
6.500000 -0.320000
6.504000 -0.330000
6.508000 -0.365000
6.512000 -0.340000
6.516000 -0.350000
6.520000 -0.330000
6.524000 -0.330000
6.528000 -0.340000
6.532000 -0.335000
6.536000 -0.355000
6.540000 -0.350000
6.544000 -0.375000
6.548000 -0.355000
6.552000 -0.335000
6.556000 -0.330000
6.560000 -0.315000
6.564000 -0.320000
6.568000 -0.305000
6.572000 -0.330000
6.576000 -0.350000
6.580000 -0.355000
6.584000 -0.365000
6.588000 -0.380000
6.592000 -0.350000
6.596000 -0.320000
6.600000 -0.315000
6.604000 -0.315000
6.608000 -0.310000
6.612000 -0.320000
6.616000 -0.335000
6.620000 -0.320000
6.624000 -0.270000
6.628000 -0.260000
6.632000 -0.230000
6.636000 -0.195000
6.640000 -0.185000
6.644000 -0.170000
6.648000 -0.180000
6.652000 -0.180000
6.656000 -0.165000
6.660000 -0.140000
6.664000 -0.120000
6.668000 -0.090000
6.672000 -0.085000
6.676000 -0.105000
6.680000 -0.120000
6.684000 -0.140000
6.688000 -0.195000
6.692000 -0.210000
6.696000 -0.235000
6.700000 -0.240000
6.704000 -0.230000
6.708000 -0.235000
6.712000 -0.215000
6.716000 -0.210000
6.720000 -0.240000
6.724000 -0.295000
6.728000 -0.315000
6.732000 -0.325000
6.736000 -0.360000
6.740000 -0.375000
6.744000 -0.380000
6.748000 -0.395000
6.752000 -0.400000
6.756000 -0.420000
6.760000 -0.415000
6.764000 -0.400000
6.768000 -0.420000
6.772000 -0.410000
6.776000 -0.390000
6.780000 -0.360000
6.784000 -0.350000
6.788000 -0.360000
6.792000 -0.375000
6.796000 -0.400000
6.800000 -0.410000
6.804000 -0.410000
6.808000 -0.380000
6.812000 -0.400000
6.816000 -0.385000
6.820000 -0.350000
6.824000 -0.355000
6.828000 -0.325000
6.832000 -0.315000
6.836000 -0.280000
6.840000 -0.215000
6.844000 -0.115000
6.848000 0.030000
6.852000 0.255000
6.856000 0.465000
6.860000 0.680000
6.864000 0.860000
6.868000 0.950000
6.872000 0.980000
6.876000 0.965000
6.880000 0.900000
6.884000 0.815000
6.888000 0.730000
6.892000 0.690000
6.896000 0.665000
6.900000 0.640000
6.904000 0.655000
6.908000 0.655000
6.912000 0.590000
6.916000 0.475000
6.920000 0.350000
6.924000 0.220000
6.928000 0.180000
6.932000 0.230000
6.936000 0.330000
6.940000 0.370000
6.944000 0.305000
6.948000 0.125000
6.952000 -0.090000
6.956000 -0.240000
6.960000 -0.305000
6.964000 -0.320000
6.968000 -0.295000
6.972000 -0.320000
6.976000 -0.350000
6.980000 -0.415000
6.984000 -0.435000
6.988000 -0.430000
6.992000 -0.445000
6.996000 -0.445000
7.000000 -0.465000
7.004000 -0.450000
7.008000 -0.455000
7.012000 -0.435000
7.016000 -0.445000
7.020000 -0.440000
7.024000 -0.450000
7.028000 -0.455000
7.032000 -0.440000
7.036000 -0.410000
7.040000 -0.415000
7.044000 -0.425000
7.048000 -0.410000
7.052000 -0.450000
7.056000 -0.480000
7.060000 -0.470000
7.064000 -0.475000
7.068000 -0.465000
7.072000 -0.470000
7.076000 -0.455000
7.080000 -0.440000
7.084000 -0.475000
7.088000 -0.510000
7.092000 -0.515000
7.096000 -0.535000
7.100000 -0.530000
7.104000 -0.525000
7.108000 -0.535000
7.112000 -0.535000
7.116000 -0.545000
7.120000 -0.545000
7.124000 -0.525000
7.128000 -0.565000
7.132000 -0.575000
7.136000 -0.570000
7.140000 -0.555000
7.144000 -0.550000
7.148000 -0.560000
7.152000 -0.585000
7.156000 -0.585000
7.160000 -0.585000
7.164000 -0.580000
7.168000 -0.590000
7.172000 -0.585000
7.176000 -0.570000
7.180000 -0.555000
7.184000 -0.525000
7.188000 -0.545000
7.192000 -0.550000
7.196000 -0.550000
7.200000 -0.550000
7.204000 -0.530000
7.208000 -0.525000
7.212000 -0.540000
7.216000 -0.520000
7.220000 -0.490000
7.224000 -0.490000
7.228000 -0.460000
7.232000 -0.445000
7.236000 -0.435000
7.240000 -0.405000
7.244000 -0.390000
7.248000 -0.370000
7.252000 -0.360000
7.256000 -0.355000
7.260000 -0.335000
7.264000 -0.320000
7.268000 -0.320000
7.272000 -0.305000
7.276000 -0.305000
7.280000 -0.320000
7.284000 -0.295000
7.288000 -0.280000
7.292000 -0.280000
7.296000 -0.265000
7.300000 -0.285000
7.304000 -0.280000
7.308000 -0.300000
7.312000 -0.295000
7.316000 -0.305000
7.320000 -0.295000
7.324000 -0.320000
7.328000 -0.295000
7.332000 -0.295000
7.336000 -0.305000
7.340000 -0.315000
7.344000 -0.335000
7.348000 -0.375000
7.352000 -0.345000
7.356000 -0.350000
7.360000 -0.345000
7.364000 -0.350000
7.368000 -0.365000
7.372000 -0.355000
7.376000 -0.375000
7.380000 -0.365000
7.384000 -0.355000
7.388000 -0.375000
7.392000 -0.375000
7.396000 -0.370000
7.400000 -0.355000
7.404000 -0.355000
7.408000 -0.355000
7.412000 -0.365000
7.416000 -0.395000
7.420000 -0.375000
7.424000 -0.370000
7.428000 -0.360000
7.432000 -0.350000
7.436000 -0.355000
7.440000 -0.370000
7.444000 -0.380000
7.448000 -0.380000
7.452000 -0.370000
7.456000 -0.380000
7.460000 -0.375000
7.464000 -0.340000
7.468000 -0.335000
7.472000 -0.340000
7.476000 -0.345000
7.480000 -0.330000
7.484000 -0.335000
7.488000 -0.315000
7.492000 -0.305000
7.496000 -0.290000
7.500000 -0.285000
7.504000 -0.245000
7.508000 -0.220000
7.512000 -0.220000
7.516000 -0.200000
7.520000 -0.205000
7.524000 -0.185000
7.528000 -0.180000
7.532000 -0.165000
7.536000 -0.170000
7.540000 -0.150000
7.544000 -0.135000
7.548000 -0.135000
7.552000 -0.170000
7.556000 -0.200000
7.560000 -0.240000
7.564000 -0.255000
7.568000 -0.280000
7.572000 -0.275000
7.576000 -0.280000
7.580000 -0.265000
7.584000 -0.295000
7.588000 -0.305000
7.592000 -0.310000
7.596000 -0.315000
7.600000 -0.340000
7.604000 -0.380000
7.608000 -0.425000
7.612000 -0.435000
7.616000 -0.425000
7.620000 -0.410000
7.624000 -0.410000
7.628000 -0.415000
7.632000 -0.420000
7.636000 -0.425000
7.640000 -0.445000
7.644000 -0.430000
7.648000 -0.410000
7.652000 -0.400000
7.656000 -0.415000
7.660000 -0.415000
7.664000 -0.435000
7.668000 -0.445000
7.672000 -0.445000
7.676000 -0.425000
7.680000 -0.425000
7.684000 -0.420000
7.688000 -0.400000
7.692000 -0.405000
7.696000 -0.375000
7.700000 -0.355000
7.704000 -0.320000
7.708000 -0.250000
7.712000 -0.135000
7.716000 0.055000
7.720000 0.290000
7.724000 0.500000
7.728000 0.690000
7.732000 0.785000
7.736000 0.860000
7.740000 0.875000
7.744000 0.855000
7.748000 0.780000
7.752000 0.675000
7.756000 0.635000
7.760000 0.600000
7.764000 0.580000
7.768000 0.605000
7.772000 0.655000
7.776000 0.610000
7.780000 0.530000
7.784000 0.415000
7.788000 0.305000
7.792000 0.175000
7.796000 0.155000
7.800000 0.250000
7.804000 0.375000
7.808000 0.435000
7.812000 0.340000
7.816000 0.110000
7.820000 -0.125000
7.824000 -0.305000
7.828000 -0.390000
7.832000 -0.400000
7.836000 -0.370000
7.840000 -0.400000
7.844000 -0.460000
7.848000 -0.490000
7.852000 -0.500000
7.856000 -0.540000
7.860000 -0.535000
7.864000 -0.520000
7.868000 -0.495000
7.872000 -0.485000
7.876000 -0.465000
7.880000 -0.485000
7.884000 -0.505000
7.888000 -0.515000
7.892000 -0.530000
7.896000 -0.530000
7.900000 -0.500000
7.904000 -0.520000
7.908000 -0.490000
7.912000 -0.495000
7.916000 -0.495000
7.920000 -0.520000
7.924000 -0.510000
7.928000 -0.515000
7.932000 -0.510000
7.936000 -0.530000
7.940000 -0.535000
7.944000 -0.515000
7.948000 -0.535000
7.952000 -0.530000
7.956000 -0.545000
7.960000 -0.565000
7.964000 -0.575000
7.968000 -0.585000
7.972000 -0.585000
7.976000 -0.560000
7.980000 -0.585000
7.984000 -0.590000
7.988000 -0.590000
7.992000 -0.605000
7.996000 -0.595000
8.000000 -0.595000
8.004000 -0.630000
8.008000 -0.640000
8.012000 -0.625000
8.016000 -0.615000
8.020000 -0.625000
8.024000 -0.640000
8.028000 -0.640000
8.032000 -0.665000
8.036000 -0.650000
8.040000 -0.655000
8.044000 -0.655000
8.048000 -0.655000
8.052000 -0.620000
8.056000 -0.625000
8.060000 -0.600000
8.064000 -0.585000
8.068000 -0.600000
8.072000 -0.585000
8.076000 -0.590000
8.080000 -0.590000
8.084000 -0.615000
8.088000 -0.560000
8.092000 -0.535000
8.096000 -0.540000
8.100000 -0.525000
8.104000 -0.500000
8.108000 -0.490000
8.112000 -0.465000
8.116000 -0.435000
8.120000 -0.420000
8.124000 -0.420000
8.128000 -0.405000
8.132000 -0.380000
8.136000 -0.370000
8.140000 -0.395000
8.144000 -0.395000
8.148000 -0.405000
8.152000 -0.400000
8.156000 -0.375000
8.160000 -0.340000
8.164000 -0.325000
8.168000 -0.325000
8.172000 -0.340000
8.176000 -0.360000
8.180000 -0.370000
8.184000 -0.400000
8.188000 -0.415000
8.192000 -0.400000
8.196000 -0.385000
8.200000 -0.380000
8.204000 -0.385000
8.208000 -0.380000
8.212000 -0.385000
8.216000 -0.385000
8.220000 -0.415000
8.224000 -0.415000
8.228000 -0.435000
8.232000 -0.445000
8.236000 -0.425000
8.240000 -0.425000
8.244000 -0.450000
8.248000 -0.465000
8.252000 -0.445000
8.256000 -0.440000
8.260000 -0.445000
8.264000 -0.445000
8.268000 -0.445000
8.272000 -0.420000
8.276000 -0.410000
8.280000 -0.410000
8.284000 -0.425000
8.288000 -0.435000
8.292000 -0.465000
8.296000 -0.455000
8.300000 -0.455000
8.304000 -0.445000
8.308000 -0.435000
8.312000 -0.440000
8.316000 -0.415000
8.320000 -0.435000
8.324000 -0.435000
8.328000 -0.415000
8.332000 -0.410000
8.336000 -0.390000
8.340000 -0.400000
8.344000 -0.390000
8.348000 -0.405000
8.352000 -0.385000
8.356000 -0.355000
8.360000 -0.345000
8.364000 -0.340000
8.368000 -0.345000
8.372000 -0.315000
8.376000 -0.305000
8.380000 -0.250000
8.384000 -0.235000
8.388000 -0.215000
8.392000 -0.180000
8.396000 -0.195000
8.400000 -0.190000
8.404000 -0.205000
8.408000 -0.240000
8.412000 -0.235000
8.416000 -0.250000
8.420000 -0.285000
8.424000 -0.285000
8.428000 -0.305000
8.432000 -0.325000
8.436000 -0.355000
8.440000 -0.350000
8.444000 -0.330000
8.448000 -0.340000
8.452000 -0.330000
8.456000 -0.385000
8.460000 -0.400000
8.464000 -0.420000
8.468000 -0.445000
8.472000 -0.470000
8.476000 -0.475000
8.480000 -0.460000
8.484000 -0.455000
8.488000 -0.470000
8.492000 -0.500000
8.496000 -0.530000
8.500000 -0.510000
8.504000 -0.510000
8.508000 -0.530000
8.512000 -0.535000
8.516000 -0.520000
8.520000 -0.525000
8.524000 -0.530000
8.528000 -0.510000
8.532000 -0.500000
8.536000 -0.510000
8.540000 -0.505000
8.544000 -0.505000
8.548000 -0.510000
8.552000 -0.505000
8.556000 -0.490000
8.560000 -0.450000
8.564000 -0.430000
8.568000 -0.395000
8.572000 -0.335000
8.576000 -0.225000
8.580000 -0.045000
8.584000 0.170000
8.588000 0.435000
8.592000 0.685000
8.596000 0.840000
8.600000 0.910000
8.604000 0.945000
8.608000 0.895000
8.612000 0.830000
8.616000 0.730000
8.620000 0.635000
8.624000 0.580000
8.628000 0.545000
8.632000 0.535000
8.636000 0.560000
8.640000 0.540000
8.644000 0.490000
8.648000 0.375000
8.652000 0.230000
8.656000 0.100000
8.660000 0.085000
8.664000 0.175000
8.668000 0.255000
8.672000 0.290000
8.676000 0.255000
8.680000 0.055000
8.684000 -0.185000
8.688000 -0.365000
8.692000 -0.460000
8.696000 -0.470000
8.700000 -0.435000
8.704000 -0.450000
8.708000 -0.515000
8.712000 -0.585000
8.716000 -0.585000
8.720000 -0.575000
8.724000 -0.590000
8.728000 -0.600000
8.732000 -0.610000
8.736000 -0.605000
8.740000 -0.595000
8.744000 -0.600000
8.748000 -0.575000
8.752000 -0.565000
8.756000 -0.570000
8.760000 -0.580000
8.764000 -0.590000
8.768000 -0.565000
8.772000 -0.570000
8.776000 -0.560000
8.780000 -0.575000
8.784000 -0.600000
8.788000 -0.615000
8.792000 -0.625000
8.796000 -0.625000
8.800000 -0.635000
8.804000 -0.640000
8.808000 -0.620000
8.812000 -0.630000
8.816000 -0.640000
8.820000 -0.615000
8.824000 -0.635000
8.828000 -0.640000
8.832000 -0.670000
8.836000 -0.680000
8.840000 -0.670000
8.844000 -0.685000
8.848000 -0.685000
8.852000 -0.665000
8.856000 -0.675000
8.860000 -0.685000
8.864000 -0.680000
8.868000 -0.670000
8.872000 -0.655000
8.876000 -0.675000
8.880000 -0.685000
8.884000 -0.715000
8.888000 -0.730000
8.892000 -0.700000
8.896000 -0.710000
8.900000 -0.730000
8.904000 -0.715000
8.908000 -0.710000
8.912000 -0.700000
8.916000 -0.690000
8.920000 -0.680000
8.924000 -0.660000
8.928000 -0.650000
8.932000 -0.635000
8.936000 -0.635000
8.940000 -0.635000
8.944000 -0.640000
8.948000 -0.635000
8.952000 -0.600000
8.956000 -0.605000
8.960000 -0.600000
8.964000 -0.570000
8.968000 -0.550000
8.972000 -0.530000
8.976000 -0.515000
8.980000 -0.495000
8.984000 -0.460000
8.988000 -0.460000
8.992000 -0.465000
8.996000 -0.485000
9.000000 -0.465000
9.004000 -0.445000
9.008000 -0.435000
9.012000 -0.430000
9.016000 -0.455000
9.020000 -0.460000
9.024000 -0.445000
9.028000 -0.460000
9.032000 -0.455000
9.036000 -0.450000
9.040000 -0.450000
9.044000 -0.450000
9.048000 -0.445000
9.052000 -0.465000
9.056000 -0.490000
9.060000 -0.475000
9.064000 -0.460000
9.068000 -0.450000
9.072000 -0.450000
9.076000 -0.460000
9.080000 -0.470000
9.084000 -0.470000
9.088000 -0.510000
9.092000 -0.535000
9.096000 -0.490000
9.100000 -0.500000
9.104000 -0.480000
9.108000 -0.475000
9.112000 -0.490000
9.116000 -0.505000
9.120000 -0.485000
9.124000 -0.480000
9.128000 -0.485000
9.132000 -0.500000
9.136000 -0.490000
9.140000 -0.495000
9.144000 -0.520000
9.148000 -0.505000
9.152000 -0.480000
9.156000 -0.510000
9.160000 -0.510000
9.164000 -0.535000
9.168000 -0.525000
9.172000 -0.520000
9.176000 -0.495000
9.180000 -0.480000
9.184000 -0.460000
9.188000 -0.475000
9.192000 -0.490000
9.196000 -0.475000
9.200000 -0.455000
9.204000 -0.460000
9.208000 -0.460000
9.212000 -0.440000
9.216000 -0.400000
9.220000 -0.385000
9.224000 -0.350000
9.228000 -0.335000
9.232000 -0.325000
9.236000 -0.325000
9.240000 -0.320000
9.244000 -0.305000
9.248000 -0.265000
9.252000 -0.225000
9.256000 -0.230000
9.260000 -0.210000
9.264000 -0.205000
9.268000 -0.230000
9.272000 -0.260000
9.276000 -0.275000
9.280000 -0.270000
9.284000 -0.285000
9.288000 -0.265000
9.292000 -0.295000
9.296000 -0.320000
9.300000 -0.365000
9.304000 -0.370000
9.308000 -0.355000
9.312000 -0.370000
9.316000 -0.400000
9.320000 -0.380000
9.324000 -0.405000
9.328000 -0.435000
9.332000 -0.435000
9.336000 -0.475000
9.340000 -0.475000
9.344000 -0.460000
9.348000 -0.490000
9.352000 -0.515000
9.356000 -0.540000
9.360000 -0.530000
9.364000 -0.500000
9.368000 -0.500000
9.372000 -0.485000
9.376000 -0.495000
9.380000 -0.495000
9.384000 -0.495000
9.388000 -0.465000
9.392000 -0.465000
9.396000 -0.450000
9.400000 -0.455000
9.404000 -0.475000
9.408000 -0.500000
9.412000 -0.485000
9.416000 -0.480000
9.420000 -0.445000
9.424000 -0.385000
9.428000 -0.335000
9.432000 -0.265000
9.436000 -0.145000
9.440000 0.045000
9.444000 0.285000
9.448000 0.520000
9.452000 0.730000
9.456000 0.895000
9.460000 0.990000
9.464000 1.030000
9.468000 0.985000
9.472000 0.905000
9.476000 0.795000
9.480000 0.700000
9.484000 0.655000
9.488000 0.635000
9.492000 0.635000
9.496000 0.650000
9.500000 0.655000
9.504000 0.565000
9.508000 0.425000
9.512000 0.300000
9.516000 0.155000
9.520000 0.125000
9.524000 0.195000
9.528000 0.275000
9.532000 0.315000
9.536000 0.235000
9.540000 0.020000
9.544000 -0.165000
9.548000 -0.310000
9.552000 -0.365000
9.556000 -0.360000
9.560000 -0.365000
9.564000 -0.405000
9.568000 -0.465000
9.572000 -0.505000
9.576000 -0.485000
9.580000 -0.495000
9.584000 -0.470000
9.588000 -0.465000
9.592000 -0.495000
9.596000 -0.510000
9.600000 -0.510000
9.604000 -0.485000
9.608000 -0.465000
9.612000 -0.465000
9.616000 -0.450000
9.620000 -0.445000
9.624000 -0.450000
9.628000 -0.450000
9.632000 -0.480000
9.636000 -0.490000
9.640000 -0.480000
9.644000 -0.490000
9.648000 -0.505000
9.652000 -0.485000
9.656000 -0.475000
9.660000 -0.490000
9.664000 -0.490000
9.668000 -0.525000
9.672000 -0.545000
9.676000 -0.545000
9.680000 -0.540000
9.684000 -0.520000
9.688000 -0.520000
9.692000 -0.530000
9.696000 -0.555000
9.700000 -0.550000
9.704000 -0.570000
9.708000 -0.570000
9.712000 -0.575000
9.716000 -0.600000
9.720000 -0.565000
9.724000 -0.555000
9.728000 -0.580000
9.732000 -0.595000
9.736000 -0.600000
9.740000 -0.630000
9.744000 -0.645000
9.748000 -0.660000
9.752000 -0.650000
9.756000 -0.640000
9.760000 -0.635000
9.764000 -0.625000
9.768000 -0.615000
9.772000 -0.640000
9.776000 -0.635000
9.780000 -0.635000
9.784000 -0.615000
9.788000 -0.620000
9.792000 -0.600000
9.796000 -0.595000
9.800000 -0.600000
9.804000 -0.570000
9.808000 -0.565000
9.812000 -0.565000
9.816000 -0.580000
9.820000 -0.555000
9.824000 -0.520000
9.828000 -0.510000
9.832000 -0.470000
9.836000 -0.445000
9.840000 -0.440000
9.844000 -0.450000
9.848000 -0.435000
9.852000 -0.425000
9.856000 -0.400000
9.860000 -0.410000
9.864000 -0.390000
9.868000 -0.360000
9.872000 -0.360000
9.876000 -0.380000
9.880000 -0.380000
9.884000 -0.375000
9.888000 -0.370000
9.892000 -0.380000
9.896000 -0.385000
9.900000 -0.395000
9.904000 -0.390000
9.908000 -0.400000
9.912000 -0.375000
9.916000 -0.425000
9.920000 -0.425000
9.924000 -0.405000
9.928000 -0.405000
9.932000 -0.425000
9.936000 -0.420000
9.940000 -0.410000
9.944000 -0.415000
9.948000 -0.420000
9.952000 -0.420000
9.956000 -0.440000
9.960000 -0.480000
9.964000 -0.435000
9.968000 -0.430000
9.972000 -0.425000
9.976000 -0.410000
9.980000 -0.420000
9.984000 -0.470000
9.988000 -0.480000
9.992000 -0.470000
9.996000 -0.475000
