900 2
490.144012 -0.040000
490.148010 -0.050000
490.152008 -0.025000
490.156006 -0.040000
490.160004 -0.060000
490.164001 -0.055000
490.167999 -0.065000
490.171997 -0.070000
490.175995 -0.075000
490.179993 -0.045000
490.183990 -0.085000
490.187988 -0.080000
490.191986 -0.100000
490.196014 -0.105000
490.200012 -0.090000
490.204010 -0.110000
490.208008 -0.125000
490.212006 -0.100000
490.216003 -0.095000
490.220001 -0.100000
490.223999 -0.075000
490.227997 -0.075000
490.231995 -0.060000
490.235992 -0.050000
490.239990 -0.025000
490.243988 -0.030000
490.247986 0.000000
490.252014 0.010000
490.256012 0.015000
490.260010 0.030000
490.264008 0.015000
490.268005 0.000000
490.272003 0.000000
490.276001 0.000000
490.279999 0.000000
490.283997 -0.050000
490.287994 -0.075000
490.291992 -0.085000
490.295990 -0.085000
490.299988 -0.125000
490.303986 -0.120000
490.308014 -0.105000
490.312012 -0.135000
490.316010 -0.150000
490.320007 -0.150000
490.324005 -0.150000
490.328003 -0.120000
490.332001 -0.130000
490.335999 -0.135000
490.339996 -0.145000
490.343994 -0.145000
490.347992 -0.140000
490.351990 -0.165000
490.355988 -0.135000
490.359985 -0.130000
490.364014 -0.110000
490.368011 -0.130000
490.372009 -0.135000
490.376007 -0.145000
490.380005 -0.135000
490.384003 -0.140000
490.388000 -0.150000
490.391998 -0.130000
490.395996 -0.100000
490.399994 -0.125000
490.403992 -0.135000
490.407990 -0.165000
490.411987 -0.150000
490.415985 -0.145000
490.420013 -0.150000
490.424011 -0.110000
490.428009 -0.130000
490.432007 -0.140000
490.436005 -0.140000
490.440002 -0.170000
490.444000 -0.195000
490.447998 -0.155000
490.451996 -0.075000
490.455994 -0.065000
490.459991 -0.265000
490.463989 -0.775000
490.467987 -1.415000
490.471985 -2.055000
490.476013 -2.695000
490.480011 -2.990000
490.484009 -3.085000
490.488007 -3.165000
490.492004 -3.170000
490.496002 -3.200000
490.500000 -3.185000
490.503998 -3.090000
490.507996 -2.930000
490.511993 -2.700000
490.515991 -2.530000
490.519989 -2.415000
490.523987 -2.315000
490.528015 -2.150000
490.532013 -1.860000
490.536011 -1.525000
490.540009 -1.165000
490.544006 -0.895000
490.548004 -0.695000
490.552002 -0.575000
490.556000 -0.440000
490.559998 -0.290000
490.563995 -0.115000
490.567993 0.035000
490.571991 0.145000
490.575989 0.185000
490.579987 0.195000
490.584015 0.195000
490.588013 0.195000
490.592010 0.210000
490.596008 0.200000
490.600006 0.210000
490.604004 0.200000
490.608002 0.225000
490.612000 0.230000
490.615997 0.245000
490.619995 0.220000
490.623993 0.245000
490.627991 0.250000
490.631989 0.245000
490.635986 0.265000
490.640015 0.265000
490.644012 0.270000
490.648010 0.275000
490.652008 0.300000
490.656006 0.310000
490.660004 0.310000
490.664001 0.315000
490.667999 0.340000
490.671997 0.350000
490.675995 0.350000
490.679993 0.365000
490.683990 0.385000
490.687988 0.380000
490.691986 0.405000
490.696014 0.390000
490.700012 0.420000
490.704010 0.425000
490.708008 0.450000
490.712006 0.460000
490.716003 0.505000
490.720001 0.500000
490.723999 0.515000
490.727997 0.550000
490.731995 0.550000
490.735992 0.555000
490.739990 0.575000
490.743988 0.605000
490.747986 0.635000
490.752014 0.625000
490.756012 0.675000
490.760010 0.685000
490.764008 0.715000
490.768005 0.735000
490.772003 0.750000
490.776001 0.740000
490.779999 0.755000
490.783997 0.765000
490.787994 0.805000
490.791992 0.825000
490.795990 0.805000
490.799988 0.825000
490.803986 0.825000
490.808014 0.855000
490.812012 0.845000
490.816010 0.835000
490.820007 0.835000
490.824005 0.835000
490.828003 0.830000
490.832001 0.830000
490.835999 0.805000
490.839996 0.825000
490.843994 0.775000
490.847992 0.745000
490.851990 0.730000
490.855988 0.685000
490.859985 0.665000
490.864014 0.615000
490.868011 0.590000
490.872009 0.520000
490.876007 0.480000
490.880005 0.420000
490.884003 0.380000
490.888000 0.345000
490.891998 0.280000
490.895996 0.260000
490.899994 0.200000
490.903992 0.160000
490.907990 0.130000
490.911987 0.080000
490.915985 0.060000
490.920013 0.040000
490.924011 0.030000
490.928009 0.000000
490.932007 0.005000
490.936005 -0.010000
490.940002 -0.035000
490.944000 -0.040000
490.947998 -0.055000
490.951996 -0.060000
490.955994 -0.050000
490.959991 -0.035000
490.963989 -0.035000
490.967987 -0.060000
490.971985 -0.060000
490.976013 -0.045000
490.980011 -0.065000
490.984009 -0.035000
490.988007 -0.025000
490.992004 -0.045000
490.996002 -0.040000
491.000000 -0.050000
491.003998 -0.065000
491.007996 -0.035000
491.011993 -0.030000
491.015991 -0.045000
491.019989 -0.045000
491.023987 -0.050000
491.028015 -0.065000
491.032013 -0.045000
491.036011 -0.050000
491.040009 -0.025000
491.044006 -0.055000
491.048004 -0.060000
491.052002 -0.065000
491.056000 -0.050000
491.059998 -0.075000
491.063995 -0.095000
491.067993 -0.080000
491.071991 -0.070000
491.075989 -0.065000
491.079987 -0.070000
491.084015 -0.095000
491.088013 -0.105000
491.092010 -0.100000
491.096008 -0.100000
491.100006 -0.110000
491.104004 -0.110000
491.108002 -0.095000
491.112000 -0.100000
491.115997 -0.090000
491.119995 -0.110000
491.123993 -0.105000
491.127991 -0.110000
491.131989 -0.100000
491.135986 -0.105000
491.140015 -0.085000
491.144012 -0.070000
491.148010 -0.045000
491.152008 -0.060000
491.156006 -0.050000
491.160004 -0.035000
491.164001 -0.015000
491.167999 0.000000
491.171997 0.010000
491.175995 0.000000
491.179993 0.010000
491.183990 0.015000
491.187988 -0.010000
491.191986 -0.035000
491.196014 -0.090000
491.200012 -0.085000
491.204010 -0.075000
491.208008 -0.080000
491.212006 -0.085000
491.216003 -0.100000
491.220001 -0.145000
491.223999 -0.180000
491.227997 -0.180000
491.231995 -0.170000
491.235992 -0.160000
491.239990 -0.150000
491.243988 -0.150000
491.247986 -0.150000
491.252014 -0.135000
491.256012 -0.135000
491.260010 -0.160000
491.264008 -0.140000
491.268005 -0.140000
491.272003 -0.150000
491.276001 -0.165000
491.279999 -0.155000
491.283997 -0.150000
491.287994 -0.145000
491.291992 -0.140000
491.295990 -0.140000
491.299988 -0.160000
491.303986 -0.170000
491.308014 -0.155000
491.312012 -0.150000
491.316010 -0.130000
491.320007 -0.110000
491.324005 -0.150000
491.328003 -0.145000
491.332001 -0.150000
491.335999 -0.165000
491.339996 -0.170000
491.343994 -0.155000
491.347992 -0.165000
491.351990 -0.195000
491.355988 -0.175000
491.359985 -0.160000
491.364014 -0.105000
491.368011 -0.095000
491.372009 -0.320000
491.376007 -0.885000
491.380005 -1.525000
491.384003 -2.165000
491.388000 -2.805000
491.391998 -3.030000
491.395996 -3.130000
491.399994 -3.165000
491.403992 -3.190000
491.407990 -3.200000
491.411987 -3.180000
491.415985 -3.125000
491.420013 -2.985000
491.424011 -2.800000
491.428009 -2.640000
491.432007 -2.525000
491.436005 -2.430000
491.440002 -2.310000
491.444000 -2.025000
491.447998 -1.685000
491.451996 -1.280000
491.455994 -0.965000
491.459991 -0.745000
491.463989 -0.595000
491.467987 -0.485000
491.471985 -0.340000
491.476013 -0.150000
491.480011 0.000000
491.484009 0.115000
491.488007 0.190000
491.492004 0.185000
491.496002 0.200000
491.500000 0.205000
491.503998 0.205000
491.507996 0.220000
491.511993 0.235000
491.515991 0.220000
491.519989 0.250000
491.523987 0.250000
491.528015 0.255000
491.532013 0.260000
491.536011 0.265000
491.540009 0.280000
491.544006 0.280000
491.548004 0.275000
491.552002 0.290000
491.556000 0.285000
491.559998 0.300000
491.563995 0.300000
491.567993 0.330000
491.571991 0.335000
491.575989 0.330000
491.579987 0.355000
491.584015 0.355000
491.588013 0.355000
491.592010 0.375000
491.596008 0.390000
491.600006 0.410000
491.604004 0.435000
491.608002 0.455000
491.612000 0.465000
491.615997 0.465000
491.619995 0.455000
491.623993 0.480000
491.627991 0.505000
491.631989 0.510000
491.635986 0.545000
491.640015 0.535000
491.644012 0.580000
491.648010 0.595000
491.652008 0.635000
491.656006 0.645000
491.660004 0.680000
491.664001 0.680000
491.667999 0.710000
491.671997 0.720000
491.675995 0.740000
491.679993 0.755000
491.683990 0.775000
491.687988 0.785000
491.691986 0.805000
491.696014 0.810000
491.700012 0.825000
491.704010 0.840000
491.708008 0.855000
491.712006 0.850000
491.716003 0.875000
491.720001 0.870000
491.723999 0.865000
491.727997 0.865000
491.731995 0.855000
491.735992 0.855000
491.739990 0.860000
491.743988 0.850000
491.747986 0.830000
491.752014 0.795000
491.756012 0.770000
491.760010 0.725000
491.764008 0.705000
491.768005 0.655000
491.772003 0.605000
491.776001 0.570000
491.779999 0.520000
491.783997 0.480000
491.787994 0.450000
491.791992 0.385000
491.795990 0.335000
491.799988 0.260000
491.803986 0.240000
491.808014 0.190000
491.812012 0.130000
491.816010 0.100000
491.820007 0.050000
491.824005 0.030000
491.828003 0.005000
491.832001 -0.020000
491.835999 -0.055000
491.839996 -0.055000
491.843994 -0.060000
491.847992 -0.075000
491.851990 -0.095000
491.855988 -0.100000
491.859985 -0.090000
491.864014 -0.085000
491.868011 -0.110000
491.872009 -0.085000
491.876007 -0.100000
491.880005 -0.085000
491.884003 -0.090000
491.888000 -0.070000
491.891998 -0.100000
491.895996 -0.060000
491.899994 -0.065000
491.903992 -0.075000
491.907990 -0.085000
491.911987 -0.080000
491.915985 -0.045000
491.920013 -0.065000
491.924011 -0.060000
491.928009 -0.090000
491.932007 -0.075000
491.936005 -0.080000
491.940002 -0.090000
491.944000 -0.100000
491.947998 -0.115000
491.951996 -0.110000
491.955994 -0.110000
491.959991 -0.090000
491.963989 -0.110000
491.967987 -0.125000
491.971985 -0.130000
491.976013 -0.110000
491.980011 -0.130000
491.984009 -0.145000
491.988007 -0.140000
491.992004 -0.145000
491.996002 -0.135000
492.000000 -0.135000
492.003998 -0.175000
492.007996 -0.180000
492.011993 -0.170000
492.015991 -0.180000
492.019989 -0.150000
492.023987 -0.180000
492.028015 -0.180000
492.032013 -0.160000
492.036011 -0.160000
492.040009 -0.175000
492.044006 -0.145000
492.048004 -0.125000
492.052002 -0.120000
492.056000 -0.105000
492.059998 -0.080000
492.063995 -0.075000
492.067993 -0.065000
492.071991 -0.045000
492.075989 -0.025000
492.079987 -0.040000
492.084015 -0.045000
492.088013 -0.040000
492.092010 -0.045000
492.096008 -0.075000
492.100006 -0.090000
492.104004 -0.115000
492.108002 -0.125000
492.112000 -0.125000
492.115997 -0.120000
492.119995 -0.160000
492.123993 -0.160000
492.127991 -0.165000
492.131989 -0.190000
492.135986 -0.190000
492.140015 -0.190000
492.144012 -0.180000
492.148010 -0.195000
492.152008 -0.195000
492.156006 -0.185000
492.160004 -0.195000
492.164001 -0.175000
492.167999 -0.190000
492.171997 -0.190000
492.175995 -0.180000
492.179993 -0.205000
492.183990 -0.190000
492.187988 -0.215000
492.191986 -0.205000
492.196014 -0.190000
492.200012 -0.190000
492.204010 -0.200000
492.208008 -0.185000
492.212006 -0.190000
492.216003 -0.200000
492.220001 -0.205000
492.223999 -0.200000
492.227997 -0.190000
492.231995 -0.195000
492.235992 -0.195000
492.239990 -0.195000
492.243988 -0.195000
492.247986 -0.190000
492.252014 -0.205000
492.256012 -0.235000
492.260010 -0.255000
492.264008 -0.250000
492.268005 -0.200000
492.272003 -0.150000
492.276001 -0.255000
492.279999 -0.645000
492.283997 -1.285000
492.287994 -1.925000
492.291992 -2.500000
492.295990 -2.770000
492.299988 -2.945000
492.303986 -3.000000
492.308014 -3.080000
492.312012 -3.100000
492.316010 -3.095000
492.320007 -3.075000
492.324005 -2.965000
492.328003 -2.810000
492.332001 -2.655000
492.335999 -2.545000
492.339996 -2.470000
492.343994 -2.340000
492.347992 -2.105000
492.351990 -1.770000
492.355988 -1.420000
492.359985 -1.100000
492.364014 -0.875000
492.368011 -0.725000
492.372009 -0.560000
492.376007 -0.425000
492.380005 -0.250000
492.384003 -0.070000
492.388000 0.055000
492.391998 0.140000
492.395996 0.175000
492.399994 0.170000
492.403992 0.150000
492.407990 0.160000
492.411987 0.175000
492.415985 0.205000
492.420013 0.215000
492.424011 0.220000
492.428009 0.235000
492.432007 0.225000
492.436005 0.255000
492.440002 0.250000
492.444000 0.270000
492.447998 0.285000
492.451996 0.275000
492.455994 0.280000
492.459991 0.305000
492.463989 0.295000
492.467987 0.295000
492.471985 0.325000
492.476013 0.355000
492.480011 0.350000
492.484009 0.375000
492.488007 0.400000
492.492004 0.390000
492.496002 0.390000
492.500000 0.410000
492.503998 0.405000
492.507996 0.435000
492.511993 0.435000
492.515991 0.460000
492.519989 0.470000
492.523987 0.490000
492.528015 0.515000
492.532013 0.540000
492.536011 0.525000
492.540009 0.530000
492.544006 0.550000
492.548004 0.565000
492.552002 0.580000
492.556000 0.620000
492.559998 0.650000
492.563995 0.655000
492.567993 0.665000
492.571991 0.675000
492.575989 0.705000
492.579987 0.725000
492.584015 0.750000
492.588013 0.765000
492.592010 0.780000
492.596008 0.780000
492.600006 0.820000
492.604004 0.820000
492.608002 0.830000
492.612000 0.845000
492.615997 0.845000
492.619995 0.840000
492.623993 0.875000
492.627991 0.860000
492.631989 0.880000
492.635986 0.880000
492.640015 0.865000
492.644012 0.855000
492.648010 0.845000
492.652008 0.820000
492.656006 0.795000
492.660004 0.785000
492.664001 0.755000
492.667999 0.735000
492.671997 0.680000
492.675995 0.635000
492.679993 0.590000
492.683990 0.535000
492.687988 0.500000
492.691986 0.440000
492.696014 0.405000
492.700012 0.365000
492.704010 0.310000
492.708008 0.260000
492.712006 0.205000
492.716003 0.160000
492.720001 0.110000
492.723999 0.065000
492.727997 0.050000
492.731995 0.035000
492.735992 0.005000
492.739990 -0.020000
492.743988 -0.030000
492.747986 -0.045000
492.752014 -0.070000
492.756012 -0.070000
492.760010 -0.070000
492.764008 -0.080000
492.768005 -0.065000
492.772003 -0.075000
492.776001 -0.075000
492.779999 -0.075000
492.783997 -0.090000
492.787994 -0.090000
492.791992 -0.105000
492.795990 -0.095000
492.799988 -0.085000
492.803986 -0.065000
492.808014 -0.055000
492.812012 -0.050000
492.816010 -0.070000
492.820007 -0.080000
492.824005 -0.060000
492.828003 -0.080000
492.832001 -0.080000
492.835999 -0.070000
492.839996 -0.070000
492.843994 -0.080000
492.847992 -0.100000
492.851990 -0.110000
492.855988 -0.095000
492.859985 -0.100000
492.864014 -0.095000
492.868011 -0.100000
492.872009 -0.100000
492.876007 -0.115000
492.880005 -0.105000
492.884003 -0.100000
492.888000 -0.115000
492.891998 -0.125000
492.895996 -0.140000
492.899994 -0.140000
492.903992 -0.120000
492.907990 -0.135000
492.911987 -0.130000
492.915985 -0.130000
492.920013 -0.135000
492.924011 -0.145000
492.928009 -0.155000
492.932007 -0.145000
492.936005 -0.165000
492.940002 -0.170000
492.944000 -0.145000
492.947998 -0.130000
492.951996 -0.160000
492.955994 -0.145000
492.959991 -0.140000
492.963989 -0.125000
492.967987 -0.115000
492.971985 -0.110000
492.976013 -0.080000
492.980011 -0.045000
492.984009 -0.035000
492.988007 -0.025000
492.992004 -0.040000
492.996002 -0.040000
493.000000 -0.040000
493.003998 -0.050000
493.007996 -0.065000
493.011993 -0.105000
493.015991 -0.125000
493.019989 -0.145000
493.023987 -0.135000
493.028015 -0.155000
493.032013 -0.160000
493.036011 -0.180000
493.040009 -0.195000
493.044006 -0.185000
493.048004 -0.195000
493.052002 -0.210000
493.056000 -0.195000
493.059998 -0.190000
493.063995 -0.185000
493.067993 -0.170000
493.071991 -0.185000
493.075989 -0.165000
493.079987 -0.180000
493.084015 -0.180000
493.088013 -0.175000
493.092010 -0.175000
493.096008 -0.180000
493.100006 -0.200000
493.104004 -0.205000
493.108002 -0.190000
493.112000 -0.180000
493.115997 -0.180000
493.119995 -0.175000
493.123993 -0.160000
493.127991 -0.175000
493.131989 -0.150000
493.135986 -0.160000
493.140015 -0.180000
493.144012 -0.175000
493.148010 -0.160000
493.152008 -0.170000
493.156006 -0.150000
493.160004 -0.160000
493.164001 -0.175000
493.167999 -0.190000
493.171997 -0.220000
493.175995 -0.220000
493.179993 -0.165000
493.183990 -0.095000
493.187988 -0.120000
493.191986 -0.560000
493.196014 -1.200000
493.200012 -1.840000
493.204010 -2.480000
493.208008 -2.905000
493.212006 -3.065000
493.216003 -3.125000
493.220001 -3.160000
493.223999 -3.185000
493.227997 -3.195000
493.231995 -3.180000
493.235992 -3.100000
493.239990 -2.940000
493.243988 -2.760000
493.247986 -2.630000
493.252014 -2.575000
493.256012 -2.475000
493.260010 -2.330000
493.264008 -2.015000
493.268005 -1.630000
493.272003 -1.270000
493.276001 -0.960000
493.279999 -0.755000
493.283997 -0.630000
493.287994 -0.500000
493.291992 -0.340000
493.295990 -0.170000
493.299988 0.005000
493.303986 0.150000
493.308014 0.215000
493.312012 0.240000
493.316010 0.205000
493.320007 0.215000
493.324005 0.210000
493.328003 0.230000
493.332001 0.250000
493.335999 0.265000
493.339996 0.255000
493.343994 0.300000
493.347992 0.290000
493.351990 0.300000
493.355988 0.305000
493.359985 0.295000
493.364014 0.275000
493.368011 0.310000
493.372009 0.320000
493.376007 0.330000
493.380005 0.325000
493.384003 0.335000
493.388000 0.355000
493.391998 0.355000
493.395996 0.360000
493.399994 0.390000
493.403992 0.390000
493.407990 0.395000
493.411987 0.425000
493.415985 0.440000
493.420013 0.455000
493.424011 0.460000
493.428009 0.490000
493.432007 0.485000
493.436005 0.500000
493.440002 0.525000
493.444000 0.550000
493.447998 0.560000
493.451996 0.565000
493.455994 0.590000
493.459991 0.590000
493.463989 0.625000
493.467987 0.635000
493.471985 0.645000
493.476013 0.680000
493.480011 0.695000
493.484009 0.720000
493.488007 0.740000
493.492004 0.760000
493.496002 0.790000
493.500000 0.805000
493.503998 0.840000
493.507996 0.830000
493.511993 0.835000
493.515991 0.870000
493.519989 0.885000
493.523987 0.890000
493.528015 0.885000
493.532013 0.895000
493.536011 0.900000
493.540009 0.900000
493.544006 0.890000
493.548004 0.915000
493.552002 0.895000
493.556000 0.895000
493.559998 0.885000
493.563995 0.860000
493.567993 0.845000
493.571991 0.810000
493.575989 0.770000
493.579987 0.755000
493.584015 0.705000
493.588013 0.685000
493.592010 0.645000
493.596008 0.595000
493.600006 0.565000
493.604004 0.480000
493.608002 0.435000
493.612000 0.385000
493.615997 0.330000
493.619995 0.285000
493.623993 0.240000
493.627991 0.180000
493.631989 0.140000
493.635986 0.095000
493.640015 0.065000
493.644012 0.030000
493.648010 0.015000
493.652008 -0.010000
493.656006 -0.030000
493.660004 -0.040000
493.664001 -0.035000
493.667999 -0.070000
493.671997 -0.085000
493.675995 -0.070000
493.679993 -0.075000
493.683990 -0.060000
493.687988 -0.075000
493.691986 -0.055000
493.696014 -0.060000
493.700012 -0.070000
493.704010 -0.065000
493.708008 -0.070000
493.712006 -0.085000
493.716003 -0.105000
493.720001 -0.060000
493.723999 -0.080000
493.727997 -0.070000
493.731995 -0.060000
493.735992 -0.070000
493.739990 -0.075000
