250 2
490.144012 -0.040000
490.148010 -0.050000
490.152008 -0.025000
490.156006 -0.040000
490.160004 -0.060000
490.164001 -0.055000
490.167999 -0.065000
490.171997 -0.070000
490.175995 -0.075000
490.179993 -0.045000
490.183990 -0.085000
490.187988 -0.080000
490.191986 -0.100000
490.196014 -0.105000
490.200012 -0.090000
490.204010 -0.110000
490.208008 -0.125000
490.212006 -0.100000
490.216003 -0.095000
490.220001 -0.100000
490.223999 -0.075000
490.227997 -0.075000
490.231995 -0.060000
490.235992 -0.050000
490.239990 -0.025000
490.243988 -0.030000
490.247986 0.000000
490.252014 0.010000
490.256012 0.015000
490.260010 0.030000
490.264008 0.015000
490.268005 0.000000
490.272003 0.000000
490.276001 0.000000
490.279999 0.000000
490.283997 -0.050000
490.287994 -0.075000
490.291992 -0.085000
490.295990 -0.085000
490.299988 -0.125000
490.303986 -0.120000
490.308014 -0.105000
490.312012 -0.135000
490.316010 -0.150000
490.320007 -0.150000
490.324005 -0.150000
490.328003 -0.120000
490.332001 -0.130000
490.335999 -0.135000
490.339996 -0.145000
490.343994 -0.145000
490.347992 -0.140000
490.351990 -0.165000
490.355988 -0.135000
490.359985 -0.130000
490.364014 -0.110000
490.368011 -0.130000
490.372009 -0.135000
490.376007 -0.145000
490.380005 -0.135000
490.384003 -0.140000
490.388000 -0.150000
490.391998 -0.130000
490.395996 -0.100000
490.399994 -0.125000
490.403992 -0.135000
490.407990 -0.165000
490.411987 -0.150000
490.415985 -0.145000
490.420013 -0.150000
490.424011 -0.110000
490.428009 -0.130000
490.432007 -0.140000
490.436005 -0.140000
490.440002 -0.170000
490.444000 -0.195000
490.447998 -0.155000
490.451996 -0.075000
490.455994 -0.065000
490.459991 -0.265000
490.463989 -0.775000
490.467987 -1.415000
490.471985 -2.055000
490.476013 -2.695000
490.480011 -2.990000
490.484009 -3.085000
490.488007 -3.165000
490.492004 -3.170000
490.496002 -3.200000
490.500000 -3.185000
490.503998 -3.090000
490.507996 -2.930000
490.511993 -2.700000
490.515991 -2.530000
490.519989 -2.415000
490.523987 -2.315000
490.528015 -2.150000
490.532013 -1.860000
490.536011 -1.525000
490.540009 -1.165000
490.544006 -0.895000
490.548004 -0.695000
490.552002 -0.575000
490.556000 -0.440000
490.559998 -0.290000
490.563995 -0.115000
490.567993 0.035000
490.571991 0.145000
490.575989 0.185000
490.579987 0.195000
490.584015 0.195000
490.588013 0.195000
490.592010 0.210000
490.596008 0.200000
490.600006 0.210000
490.604004 0.200000
490.608002 0.225000
490.612000 0.230000
490.615997 0.245000
490.619995 0.220000
490.623993 0.245000
490.627991 0.250000
490.631989 0.245000
490.635986 0.265000
490.640015 0.265000
490.644012 0.270000
490.648010 0.275000
490.652008 0.300000
490.656006 0.310000
490.660004 0.310000
490.664001 0.315000
490.667999 0.340000
490.671997 0.350000
490.675995 0.350000
490.679993 0.365000
490.683990 0.385000
490.687988 0.380000
490.691986 0.405000
490.696014 0.390000
490.700012 0.420000
490.704010 0.425000
490.708008 0.450000
490.712006 0.460000
490.716003 0.505000
490.720001 0.500000
490.723999 0.515000
490.727997 0.550000
490.731995 0.550000
490.735992 0.555000
490.739990 0.575000
490.743988 0.605000
490.747986 0.635000
490.752014 0.625000
490.756012 0.675000
490.760010 0.685000
490.764008 0.715000
490.768005 0.735000
490.772003 0.750000
490.776001 0.740000
490.779999 0.755000
490.783997 0.765000
490.787994 0.805000
490.791992 0.825000
490.795990 0.805000
490.799988 0.825000
490.803986 0.825000
490.808014 0.855000
490.812012 0.845000
490.816010 0.835000
490.820007 0.835000
490.824005 0.835000
490.828003 0.830000
490.832001 0.830000
490.835999 0.805000
490.839996 0.825000
490.843994 0.775000
490.847992 0.745000
490.851990 0.730000
490.855988 0.685000
490.859985 0.665000
490.864014 0.615000
490.868011 0.590000
490.872009 0.520000
490.876007 0.480000
490.880005 0.420000
490.884003 0.380000
490.888000 0.345000
490.891998 0.280000
490.895996 0.260000
490.899994 0.200000
490.903992 0.160000
490.907990 0.130000
490.911987 0.080000
490.915985 0.060000
490.920013 0.040000
490.924011 0.030000
490.928009 0.000000
490.932007 0.005000
490.936005 -0.010000
490.940002 -0.035000
490.944000 -0.040000
490.947998 -0.055000
490.951996 -0.060000
490.955994 -0.050000
490.959991 -0.035000
490.963989 -0.035000
490.967987 -0.060000
490.971985 -0.060000
490.976013 -0.045000
490.980011 -0.065000
490.984009 -0.035000
490.988007 -0.025000
490.992004 -0.045000
490.996002 -0.040000
491.000000 -0.050000
491.003998 -0.065000
491.007996 -0.035000
491.011993 -0.030000
491.015991 -0.045000
491.019989 -0.045000
491.023987 -0.050000
491.028015 -0.065000
491.032013 -0.045000
491.036011 -0.050000
491.040009 -0.025000
491.044006 -0.055000
491.048004 -0.060000
491.052002 -0.065000
491.056000 -0.050000
491.059998 -0.075000
491.063995 -0.095000
491.067993 -0.080000
491.071991 -0.070000
491.075989 -0.065000
491.079987 -0.070000
491.084015 -0.095000
491.088013 -0.105000
491.092010 -0.100000
491.096008 -0.100000
491.100006 -0.110000
491.104004 -0.110000
491.108002 -0.095000
491.112000 -0.100000
491.115997 -0.090000
491.119995 -0.110000
491.123993 -0.105000
491.127991 -0.110000
491.131989 -0.100000
491.135986 -0.105000
491.140015 -0.085000
