100 2
490.144012 -0.040000
490.148010 -0.050000
490.152008 -0.025000
490.156006 -0.040000
490.160004 -0.060000
490.164001 -0.055000
490.167999 -0.065000
490.171997 -0.070000
490.175995 -0.075000
490.179993 -0.045000
490.183990 -0.085000
490.187988 -0.080000
490.191986 -0.100000
490.196014 -0.105000
490.200012 -0.090000
490.204010 -0.110000
490.208008 -0.125000
490.212006 -0.100000
490.216003 -0.095000
490.220001 -0.100000
490.223999 -0.075000
490.227997 -0.075000
490.231995 -0.060000
490.235992 -0.050000
490.239990 -0.025000
490.243988 -0.030000
490.247986 0.000000
490.252014 0.010000
490.256012 0.015000
490.260010 0.030000
490.264008 0.015000
490.268005 0.000000
490.272003 0.000000
490.276001 0.000000
490.279999 0.000000
490.283997 -0.050000
490.287994 -0.075000
490.291992 -0.085000
490.295990 -0.085000
490.299988 -0.125000
490.303986 -0.120000
490.308014 -0.105000
490.312012 -0.135000
490.316010 -0.150000
490.320007 -0.150000
490.324005 -0.150000
490.328003 -0.120000
490.332001 -0.130000
490.335999 -0.135000
490.339996 -0.145000
490.343994 -0.145000
490.347992 -0.140000
490.351990 -0.165000
490.355988 -0.135000
490.359985 -0.130000
490.364014 -0.110000
490.368011 -0.130000
490.372009 -0.135000
490.376007 -0.145000
490.380005 -0.135000
490.384003 -0.140000
490.388000 -0.150000
490.391998 -0.130000
490.395996 -0.100000
490.399994 -0.125000
490.403992 -0.135000
490.407990 -0.165000
490.411987 -0.150000
490.415985 -0.145000
490.420013 -0.150000
490.424011 -0.110000
490.428009 -0.130000
490.432007 -0.140000
490.436005 -0.140000
490.440002 -0.170000
490.444000 -0.195000
490.447998 -0.155000
490.451996 -0.075000
490.455994 -0.065000
490.459991 -0.265000
490.463989 -0.775000
490.467987 -1.415000
490.471985 -2.055000
490.476013 -2.695000
490.480011 -2.990000
490.484009 -3.085000
490.488007 -3.165000
490.492004 -3.170000
490.496002 -3.200000
490.500000 -3.185000
490.503998 -3.090000
490.507996 -2.930000
490.511993 -2.700000
490.515991 -2.530000
490.519989 -2.415000
490.523987 -2.315000
490.528015 -2.150000
490.532013 -1.860000
490.536011 -1.525000
490.540009 -1.165000
