1.386300 1.386300 1.386300
1.734900 1.734900 1.734900
2.186500 2.186500 2.186500
2.747200 2.747200 2.747200
3.751900 3.751900 3.751900
5.023100 5.023100 5.023100
6.478500 6.478500 6.478500
8.002600 8.002600 8.002600
9.492100 9.492100 9.492100
10.825000 10.825000 10.825000
11.868000 11.868000 11.868000
12.487000 12.487000 12.487000
12.587000 12.587000 12.587000
12.143000 12.143000 12.143000
11.191000 11.191000 11.191000
9.804200 9.804200 9.804200
8.063500 8.063500 8.063500
6.063500 6.063500 6.063500
3.931200 3.931200 3.931200
1.798900 1.798900 1.798900
-0.232800 -0.232800 -0.232800
-2.105800 -2.105800 -2.105800
-3.783100 -3.783100 -3.783100
-5.232800 -5.232800 -5.232800
-6.439200 -6.439200 -6.439200
-7.396800 -7.396800 -7.396800
-8.121700 -8.121700 -8.121700
-8.666700 -8.666700 -8.666700
-9.100500 -9.100500 -9.100500
-9.460300 -9.460300 -9.460300
-9.735400 -9.735400 -9.735400
-9.915300 -9.915300 -9.915300
-10.037000 -10.037000 -10.037000
-10.151000 -10.151000 -10.151000
-10.235000 -10.235000 -10.235000
-10.258000 -10.258000 -10.258000
-10.219000 -10.219000 -10.219000
-10.055000 -10.055000 -10.055000
-9.917800 -9.917800 -9.917800
-9.372800 -9.372800 -9.372800
-7.872800 -7.872800 -7.872800
-2.138100 -2.138100 -2.138100
10.648000 10.648000 10.648000
30.333000 30.333000 30.333000
53.143000 53.143000 53.143000
72.429000 72.429000 72.429000
83.952000 83.952000 83.952000
86.571000 86.571000 86.571000
80.095000 80.095000 80.095000
65.000000 65.000000 65.000000
44.905000 44.905000 44.905000
21.762000 21.762000 21.762000
2.112900 2.112900 2.112900
-10.226000 -10.226000 -10.226000
-14.627000 -14.627000 -14.627000
-13.883000 -13.883000 -13.883000
-11.345000 -11.345000 -11.345000
-10.661000 -10.661000 -10.661000
-10.318000 -10.318000 -10.318000
-10.424000 -10.424000 -10.424000
-10.430000 -10.430000 -10.430000
-10.377000 -10.377000 -10.377000
-10.498000 -10.498000 -10.498000
-10.687000 -10.687000 -10.687000
-10.767000 -10.767000 -10.767000
-10.571000 -10.571000 -10.571000
-9.788400 -9.788400 -9.788400
-8.989400 -8.989400 -8.989400
-8.148100 -8.148100 -8.148100
-7.365100 -7.365100 -7.365100
-6.698400 -6.698400 -6.698400
-6.158700 -6.158700 -6.158700
-5.719600 -5.719600 -5.719600
-5.349200 -5.349200 -5.349200
-5.010600 -5.010600 -5.010600
-4.672000 -4.672000 -4.672000
-4.322800 -4.322800 -4.322800
-3.978800 -3.978800 -3.978800
-3.650800 -3.650800 -3.650800
-3.328000 -3.328000 -3.328000
-3.026500 -3.026500 -3.026500
-2.788400 -2.788400 -2.788400
-2.640200 -2.640200 -2.640200
-2.560800 -2.560800 -2.560800
-2.518500 -2.518500 -2.518500
-2.502600 -2.502600 -2.502600
-2.497400 -2.497400 -2.497400
-2.476200 -2.476200 -2.476200
-2.423300 -2.423300 -2.423300
-2.333300 -2.333300 -2.333300
-2.174600 -2.174600 -2.174600
-1.894200 -1.894200 -1.894200
-1.449700 -1.449700 -1.449700
-0.820100 -0.820100 -0.820100
0.047600 0.047600 0.047600
1.206300 1.206300 1.206300
2.672000 2.672000 2.672000
4.412700 4.412700 4.412700
6.402100 6.402100 6.402100
8.613800 8.613800 8.613800
10.989000 10.989000 10.989000
13.429000 13.429000 13.429000
15.847000 15.847000 15.847000
18.191000 18.191000 18.191000
20.434000 20.434000 20.434000
22.566000 22.566000 22.566000
24.593000 24.593000 24.593000
26.518000 26.518000 26.518000
28.339000 28.339000 28.339000
30.042000 30.042000 30.042000
31.630000 31.630000 31.630000
33.079000 33.079000 33.079000
34.318000 34.318000 34.318000
35.233000 35.233000 35.233000
35.730000 35.730000 35.730000
35.762000 35.762000 35.762000
35.328000 35.328000 35.328000
34.439000 34.439000 34.439000
33.116000 33.116000 33.116000
31.402000 31.402000 31.402000
29.386000 29.386000 29.386000
27.169000 27.169000 27.169000
24.841000 24.841000 24.841000
22.460000 22.460000 22.460000
20.074000 20.074000 20.074000
17.714000 17.714000 17.714000
15.413000 15.413000 15.413000
13.196000 13.196000 13.196000
11.095000 11.095000 11.095000
9.127000 9.127000 9.127000
7.312200 7.312200 7.312200
5.677200 5.677200 5.677200
4.259300 4.259300 4.259300
3.074100 3.074100 3.074100
2.116400 2.116400 2.116400
1.365100 1.365100 1.365100
0.793700 0.793700 0.793700
0.354500 0.354500 0.354500
-0.015900 -0.015900 -0.015900
-0.381000 -0.381000 -0.381000
-0.767200 -0.767200 -0.767200
-1.164000 -1.164000 -1.164000
-1.534400 -1.534400 -1.534400
-1.841300 -1.841300 -1.841300
-2.058200 -2.058200 -2.058200
-2.164000 -2.164000 -2.164000
-2.121700 -2.121700 -2.121700
-1.888900 -1.888900 -1.888900
-1.423300 -1.423300 -1.423300
-0.714300 -0.714300 -0.714300
0.179900 0.179900 0.179900
1.153400 1.153400 1.153400
2.010600 2.010600 2.010600
2.502600 2.502600 2.502600
2.306900 2.306900 2.306900
1.058200 1.058200 1.058200
-1.624300 -1.624300 -1.624300
-6.068800 -6.068800 -6.068800
-12.508000 -12.508000 -12.508000
-21.016000 -21.016000 -21.016000
-31.640000 -31.640000 -31.640000
-44.355000 -44.355000 -44.355000
-59.095000 -59.095000 -59.095000
-75.651000 -75.651000 -75.651000
-93.704000 -93.704000 -93.704000
-112.840000 -112.840000 -112.840000
-136.180000 -136.180000 -136.180000
-157.400000 -157.400000 -157.400000
-175.940000 -175.940000 -175.940000
-191.260000 -191.260000 -191.260000
-202.990000 -202.990000 -202.990000
-211.100000 -211.100000 -211.100000
-214.260000 -214.260000 -214.260000
-208.730000 -208.730000 -208.730000
-200.270000 -200.270000 -200.270000
-189.040000 -189.040000 -189.040000
-175.270000 -175.270000 -175.270000
-159.160000 -159.160000 -159.160000
-140.760000 -140.760000 -140.760000
-121.660000 -121.660000 -121.660000
-102.470000 -102.470000 -102.470000
-84.524000 -84.524000 -84.524000
-68.066000 -68.066000 -68.066000
-53.221000 -53.221000 -53.221000
-40.154000 -40.154000 -40.154000
-28.895000 -28.895000 -28.895000
-19.514000 -19.514000 -19.514000
-11.965000 -11.965000 -11.965000
-5.366600 -5.366600 -5.366600
0.218300 0.218300 0.218300
4.769500 4.769500 4.769500
8.302200 8.302200 8.302200
10.862000 10.862000 10.862000
12.668000 12.668000 12.668000
13.930000 13.930000 13.930000
14.839000 14.839000 14.839000
15.570000 15.570000 15.570000
16.272000 16.272000 16.272000
17.071000 17.071000 17.071000
18.069000 18.069000 18.069000
19.342000 19.342000 19.342000
20.945000 20.945000 20.945000
22.914000 22.914000 22.914000
25.272000 25.272000 25.272000
27.980000 27.980000 27.980000
30.989000 30.989000 30.989000
34.238000 34.238000 34.238000
37.660000 37.660000 37.660000
41.437000 41.437000 41.437000
45.549000 45.549000 45.549000
49.970000 49.970000 49.970000
54.715000 54.715000 54.715000
59.808000 59.808000 59.808000
64.805000 64.805000 64.805000
69.783000 69.783000 69.783000
74.602000 74.602000 74.602000
79.379000 79.379000 79.379000
86.225000 86.225000 86.225000
93.312000 93.312000 93.312000
100.580000 100.580000 100.580000
108.360000 108.360000 108.360000
116.480000 116.480000 116.480000
124.730000 124.730000 124.730000
132.880000 132.880000 132.880000
138.690000 138.690000 138.690000
143.830000 143.830000 143.830000
148.130000 148.130000 148.130000
151.480000 151.480000 151.480000
153.800000 153.800000 153.800000
155.080000 155.080000 155.080000
155.330000 155.330000 155.330000
154.530000 154.530000 154.530000
152.700000 152.700000 152.700000
149.920000 149.920000 149.920000
146.290000 146.290000 146.290000
141.940000 141.940000 141.940000
136.900000 136.900000 136.900000
131.270000 131.270000 131.270000
125.120000 125.120000 125.120000
118.580000 118.580000 118.580000
111.760000 111.760000 111.760000
104.790000 104.790000 104.790000
97.788000 97.788000 97.788000
90.878000 90.878000 90.878000
84.169000 84.169000 84.169000
77.788000 77.788000 77.788000
71.038000 71.038000 71.038000
65.140000 65.140000 65.140000
60.091000 60.091000 60.091000
55.860000 55.860000 55.860000
52.376000 52.376000 52.376000
49.352000 49.352000 49.352000
46.671000 46.671000 46.671000
45.020000 45.020000 45.020000
43.169000 43.169000 43.169000
41.118000 41.118000 41.118000
38.886000 38.886000 38.886000
36.503000 36.503000 36.503000
34.185000 34.185000 34.185000
31.981000 31.981000 31.981000
29.972000 29.972000 29.972000
28.249000 28.249000 28.249000
26.881000 26.881000 26.881000
25.899000 25.899000 25.899000
25.302000 25.302000 25.302000
25.058000 25.058000 25.058000
25.112000 25.112000 25.112000
25.383000 25.383000 25.383000
25.768000 25.768000 25.768000
26.158000 26.158000 26.158000
26.462000 26.462000 26.462000
26.620000 26.620000 26.620000
26.610000 26.610000 26.610000
26.423000 26.423000 26.423000
26.059000 26.059000 26.059000
25.527000 25.527000 25.527000
24.856000 24.856000 24.856000
24.083000 24.083000 24.083000
23.244000 23.244000 23.244000
22.367000 22.367000 22.367000
21.479000 21.479000 21.479000
20.603000 20.603000 20.603000
19.764000 19.764000 19.764000
18.989000 18.989000 18.989000
18.299000 18.299000 18.299000
17.703000 17.703000 17.703000
17.202000 17.202000 17.202000
16.790000 16.790000 16.790000
16.460000 16.460000 16.460000
16.200000 16.200000 16.200000
15.986000 15.986000 15.986000
15.799000 15.799000 15.799000
15.623000 15.623000 15.623000
15.452000 15.452000 15.452000
15.287000 15.287000 15.287000
15.128000 15.128000 15.128000
14.973000 14.973000 14.973000
14.814000 14.814000 14.814000
14.640000 14.640000 14.640000
14.437000 14.437000 14.437000
14.196000 14.196000 14.196000
13.905000 13.905000 13.905000
13.553000 13.553000 13.553000
13.137000 13.137000 13.137000
12.664000 12.664000 12.664000
12.143000 12.143000 12.143000
11.591000 11.591000 11.591000
11.026000 11.026000 11.026000
10.473000 10.473000 10.473000
9.964700 9.964700 9.964700
9.527900 9.527900 9.527900
9.179900 9.179900 9.179900
8.925300 8.925300 8.925300
8.766000 8.766000 8.766000
8.704900 8.704900 8.704900
8.739000 8.739000 8.739000
8.853600 8.853600 8.853600
9.018800 9.018800 9.018800
9.194600 9.194600 9.194600
9.343900 9.343900 9.343900
9.438600 9.438600 9.438600
9.462100 9.462100 9.462100
9.399200 9.399200 9.399200
9.232200 9.232200 9.232200
8.952400 8.952400 8.952400
8.569700 8.569700 8.569700
8.111700 8.111700 8.111700
7.612600 7.612600 7.612600
7.099400 7.099400 7.099400
6.591400 6.591400 6.591400
6.104100 6.104100 6.104100
5.655500 5.655500 5.655500
5.268100 5.268100 5.268100
4.958800 4.958800 4.958800
4.731900 4.731900 4.731900
4.580200 4.580200 4.580200
4.496200 4.496200 4.496200
4.478500 4.478500 4.478500
4.527900 4.527900 4.527900
4.632500 4.632500 4.632500
4.771000 4.771000 4.771000
4.920100 4.920100 4.920100
5.064800 5.064800 5.064800
5.246600 5.246600 5.246600
5.424800 5.424800 5.424800
5.567200 5.567200 5.567200
5.679100 5.679100 5.679100
5.803500 5.803500 5.803500
5.995000 5.995000 5.995000
6.308000 6.308000 6.308000
6.749100 6.749100 6.749100
7.396300 7.396300 7.396300
8.243900 8.243900 8.243900
9.323800 9.323800 9.323800
10.616000 10.616000 10.616000
12.061000 12.061000 12.061000
13.563000 13.563000 13.563000
15.021000 15.021000 15.021000
16.339000 16.339000 16.339000
17.471000 17.471000 17.471000
18.302000 18.302000 18.302000
18.741000 18.741000 18.741000
18.746000 18.746000 18.746000
18.323000 18.323000 18.323000
17.482000 17.482000 17.482000
16.254000 16.254000 16.254000
14.698000 14.698000 14.698000
12.905000 12.905000 12.905000
10.984000 10.984000 10.984000
9.047600 9.047600 9.047600
7.206300 7.206300 7.206300
5.555600 5.555600 5.555600
4.169300 4.169300 4.169300
3.078000 3.078000 3.078000
2.298800 2.298800 2.298800
1.827900 1.827900 1.827900
1.627900 1.627900 1.627900
1.728400 1.728400 1.728400
1.871200 1.871200 1.871200
1.955900 1.955900 1.955900
1.920200 1.920200 1.920200
1.784100 1.784100 1.784100
1.561900 1.561900 1.561900
1.428600 1.428600 1.428600
1.428600 1.428600 1.428600
1.904800 1.904800 1.904800
3.333300 3.333300 3.333300
6.476200 6.476200 6.476200
14.952000 14.952000 14.952000
28.429000 28.429000 28.429000
45.429000 45.429000 45.429000
57.952000 57.952000 57.952000
64.476000 64.476000 64.476000
63.905000 63.905000 63.905000
59.286000 59.286000 59.286000
47.952000 47.952000 47.952000
31.857000 31.857000 31.857000
13.191000 13.191000 13.191000
-0.000000 0.000000 0.000000
-6.904800 -6.904800 -6.904800
-7.666700 -7.666700 -7.666700
-6.333300 -6.333300 -6.333300
-4.000000 -4.000000 -4.000000
-2.238100 -2.238100 -2.238100
-1.571400 -1.571400 -1.571400
-1.904800 -1.904800 -1.904800
-2.571400 -2.571400 -2.571400
-2.904800 -2.904800 -2.904800
-2.761900 -2.761900 -2.761900
-2.000000 -2.000000 -2.000000
-0.761900 -0.761900 -0.761900
0.523800 0.523800 0.523800
1.523800 1.523800 1.523800
2.095200 2.095200 2.095200
2.333300 2.333300 2.333300
2.381000 2.381000 2.381000
2.381000 2.381000 2.381000
2.357100 2.357100 2.357100
2.250000 2.250000 2.250000
2.100000 2.100000 2.100000
1.958300 1.958300 1.958300
