250 2
280.75 -0.47
280.75 -0.495
280.76 -0.51
280.76 -0.51
280.76 -0.51
280.77 -0.48
280.77 -0.465
280.78 -0.48
280.78 -0.49
280.78 -0.485
280.79 -0.49
280.79 -0.495
280.8 -0.505
280.8 -0.485
280.8 -0.465
280.81 -0.47
280.81 -0.47
280.82 -0.49
280.82 -0.51
280.82 -0.5
280.83 -0.48
280.83 -0.505
280.84 -0.485
280.84 -0.48
280.84 -0.45
280.85 -0.44
280.85 -0.43
280.86 -0.435
280.86 -0.415
280.86 -0.365
280.87 -0.375
280.87 -0.365
280.88 -0.33
280.88 -0.305
280.88 -0.275
280.89 -0.28
280.89 -0.265
280.9 -0.255
280.9 -0.21
280.9 -0.215
280.91 -0.23
280.91 -0.245
280.92 -0.26
280.92 -0.26
280.92 -0.27
280.93 -0.285
280.93 -0.28
280.94 -0.345
280.94 -0.32
280.94 -0.335
280.95 -0.365
280.95 -0.37
280.96 -0.395
280.96 -0.4
280.96 -0.43
280.97 -0.44
280.97 -0.505
280.98 -0.515
280.98 -0.51
280.98 -0.515
280.99 -0.48
280.99 -0.48
281 -0.505
281 -0.525
281 -0.515
281.01 -0.515
281.01 -0.51
281.02 -0.495
281.02 -0.52
281.02 -0.495
281.03 -0.475
281.03 -0.485
281.04 -0.495
281.04 -0.495
281.04 -0.5
281.05 -0.485
281.05 -0.49
281.06 -0.495
281.06 -0.46
281.06 -0.445
281.07 -0.415
281.07 -0.37
281.08 -0.32
281.08 -0.235
281.08 -0.08
281.09 0.095
281.09 0.33
281.1 0.5
281.1 0.625
281.1 0.685
281.11 0.725
281.11 0.695
281.12 0.62
281.12 0.54
281.12 0.455
281.13 0.375
281.13 0.38
281.14 0.385
281.14 0.42
281.14 0.41
281.15 0.35
281.15 0.25
281.16 0.14
281.16 0.085
281.16 0.155
281.17 0.315
281.17 0.405
281.18 0.385
281.18 0.21
281.18 -0.02
281.19 -0.205
281.19 -0.335
281.2 -0.39
281.2 -0.405
281.2 -0.43
281.21 -0.45
281.21 -0.51
281.22 -0.52
281.22 -0.55
281.22 -0.545
281.23 -0.575
281.23 -0.555
281.24 -0.575
281.24 -0.575
281.24 -0.55
281.25 -0.55
281.25 -0.535
281.26 -0.535
281.26 -0.54
281.26 -0.555
281.27 -0.535
281.27 -0.535
281.28 -0.54
281.28 -0.53
281.28 -0.545
281.29 -0.56
281.29 -0.58
281.3 -0.57
281.3 -0.58
281.3 -0.585
281.31 -0.585
281.31 -0.62
281.32 -0.6
281.32 -0.615
281.32 -0.605
281.33 -0.61
281.33 -0.625
281.34 -0.65
281.34 -0.65
281.34 -0.68
281.35 -0.665
281.35 -0.685
281.36 -0.665
281.36 -0.67
281.36 -0.675
281.37 -0.68
281.37 -0.705
281.38 -0.715
281.38 -0.725
281.38 -0.705
281.39 -0.725
281.39 -0.72
281.4 -0.735
281.4 -0.73
281.4 -0.73
281.41 -0.735
281.41 -0.75
281.42 -0.745
281.42 -0.75
281.42 -0.74
281.43 -0.725
281.43 -0.725
281.44 -0.72
281.44 -0.69
281.44 -0.7
281.45 -0.705
281.45 -0.705
281.46 -0.71
281.46 -0.69
281.46 -0.665
281.47 -0.615
281.47 -0.61
281.48 -0.595
281.48 -0.605
281.48 -0.61
281.49 -0.605
281.49 -0.565
281.5 -0.54
281.5 -0.52
281.5 -0.495
281.51 -0.48
281.51 -0.48
281.52 -0.47
281.52 -0.465
281.52 -0.475
281.53 -0.475
281.53 -0.46
281.54 -0.45
281.54 -0.45
281.54 -0.435
281.55 -0.43
281.55 -0.445
281.56 -0.46
281.56 -0.47
281.56 -0.47
281.57 -0.47
281.57 -0.46
281.58 -0.475
281.58 -0.455
281.58 -0.475
281.59 -0.495
281.59 -0.5
281.6 -0.515
281.6 -0.515
281.6 -0.52
281.61 -0.52
281.61 -0.51
281.62 -0.5
281.62 -0.49
281.62 -0.525
281.63 -0.53
281.63 -0.545
281.64 -0.545
281.64 -0.53
281.64 -0.51
281.65 -0.505
281.65 -0.52
281.66 -0.53
281.66 -0.525
281.66 -0.53
281.67 -0.525
281.67 -0.515
281.68 -0.53
281.68 -0.54
281.68 -0.54
281.69 -0.545
281.69 -0.54
281.7 -0.505
281.7 -0.52
281.7 -0.505
281.71 -0.515
281.71 -0.5
281.72 -0.51
281.72 -0.465
281.72 -0.475
281.73 -0.5
281.73 -0.515
281.74 -0.525
281.74 -0.505
281.74 -0.53
