250 2
280.75 -0.215
280.75 -0.245
280.76 -0.22
280.76 -0.225
280.76 -0.22
280.77 -0.25
280.77 -0.26
280.78 -0.26
280.78 -0.265
280.78 -0.27
280.79 -0.26
280.79 -0.285
280.8 -0.265
280.8 -0.28
280.8 -0.28
280.81 -0.28
280.81 -0.3
280.82 -0.29
280.82 -0.28
280.82 -0.315
280.83 -0.295
280.83 -0.315
280.84 -0.32
280.84 -0.305
280.84 -0.295
280.85 -0.295
280.85 -0.31
280.86 -0.315
280.86 -0.32
280.86 -0.31
280.87 -0.32
280.87 -0.3
280.88 -0.31
280.88 -0.27
280.88 -0.28
280.89 -0.27
280.89 -0.25
280.9 -0.255
280.9 -0.21
280.9 -0.195
280.91 -0.175
280.91 -0.17
280.92 -0.17
280.92 -0.18
280.92 -0.195
280.93 -0.205
280.93 -0.22
280.94 -0.265
280.94 -0.265
280.94 -0.285
280.95 -0.275
280.95 -0.275
280.96 -0.305
280.96 -0.305
280.96 -0.335
280.97 -0.32
280.97 -0.315
280.98 -0.32
280.98 -0.325
280.98 -0.305
280.99 -0.305
280.99 -0.315
281 -0.32
281 -0.32
281 -0.315
281.01 -0.345
281.01 -0.345
281.02 -0.335
281.02 -0.32
281.02 -0.32
281.03 -0.315
281.03 -0.32
281.04 -0.315
281.04 -0.32
281.04 -0.325
281.05 -0.325
281.05 -0.315
281.06 -0.305
281.06 -0.315
281.06 -0.345
281.07 -0.35
281.07 -0.325
281.08 -0.33
281.08 -0.35
281.08 -0.33
281.09 -0.35
281.09 -0.375
281.1 -0.39
281.1 -0.385
281.1 -0.385
281.11 -0.445
281.11 -0.71
281.12 -1.26
281.12 -1.9
281.12 -2.525
281.13 -2.86
281.13 -3.04
281.14 -3.085
281.14 -3.14
281.14 -3.165
281.15 -3.165
281.15 -3.115
281.16 -2.99
281.16 -2.84
281.16 -2.605
281.17 -2.47
281.17 -2.37
281.18 -2.27
281.18 -2.11
281.18 -1.845
281.19 -1.55
281.19 -1.23
281.2 -0.985
281.2 -0.785
281.2 -0.675
281.21 -0.535
281.21 -0.405
281.22 -0.26
281.22 -0.115
281.22 0
281.23 0.025
281.23 0.06
281.24 0.06
281.24 0.04
281.24 0.08
281.25 0.08
281.25 0.08
281.26 0.09
281.26 0.09
281.26 0.09
281.27 0.115
281.27 0.135
281.28 0.13
281.28 0.145
281.28 0.175
281.29 0.15
281.29 0.17
281.3 0.17
281.3 0.185
281.3 0.19
281.31 0.22
281.31 0.21
281.32 0.22
281.32 0.235
281.32 0.24
281.33 0.235
281.33 0.27
281.34 0.26
281.34 0.285
281.34 0.31
281.35 0.34
281.35 0.325
281.36 0.35
281.36 0.355
281.36 0.375
281.37 0.385
281.37 0.4
281.38 0.41
281.38 0.445
281.38 0.455
281.39 0.47
281.39 0.505
281.4 0.52
281.4 0.525
281.4 0.52
281.41 0.555
281.41 0.575
281.42 0.605
281.42 0.62
281.42 0.635
281.43 0.635
281.43 0.655
281.44 0.64
281.44 0.645
281.44 0.67
281.45 0.67
281.45 0.685
281.46 0.715
281.46 0.705
281.46 0.695
281.47 0.685
281.47 0.675
281.48 0.67
281.48 0.655
281.48 0.645
281.49 0.625
281.49 0.595
281.5 0.575
281.5 0.565
281.5 0.5
281.51 0.475
281.51 0.445
281.52 0.395
281.52 0.36
281.52 0.315
281.53 0.265
281.53 0.225
281.54 0.16
281.54 0.13
281.54 0.075
281.55 0.03
281.55 0.02
281.56 -0.035
281.56 -0.065
281.56 -0.075
281.57 -0.095
281.57 -0.135
281.58 -0.13
281.58 -0.16
281.58 -0.15
281.59 -0.155
281.59 -0.165
281.6 -0.18
281.6 -0.18
281.6 -0.16
281.61 -0.155
281.61 -0.155
281.62 -0.2
281.62 -0.175
281.62 -0.17
281.63 -0.16
281.63 -0.175
281.64 -0.16
281.64 -0.16
281.64 -0.165
281.65 -0.175
281.65 -0.16
281.66 -0.145
281.66 -0.16
281.66 -0.145
281.67 -0.145
281.67 -0.13
281.68 -0.16
281.68 -0.165
281.68 -0.175
281.69 -0.195
281.69 -0.185
281.7 -0.205
281.7 -0.19
281.7 -0.19
281.71 -0.21
281.71 -0.19
281.72 -0.195
281.72 -0.225
281.72 -0.215
281.73 -0.225
281.73 -0.23
281.74 -0.22
281.74 -0.225
281.74 -0.22
